MEME version 4

ALPHABET= ACGT

strands: + -

A 0.25000 C 0.25000 G 0.25000 T 0.25000 

MOTIF	Alx3_3418.2_uniprobe
letter-probability matrix: alength= 4 w= 17 nsites= 20 E= 0
  0.296149	  0.033726	  0.127017	  0.543109	
  0.366485	  0.200783	  0.243220	  0.189512	
  0.405110	  0.180765	  0.159571	  0.254554	
  0.534568	  0.154903	  0.228026	  0.082504	
  0.039813	  0.476598	  0.008603	  0.474987	
  0.003992	  0.080226	  0.001293	  0.914489	
  0.986740	  0.006235	  0.003288	  0.003738	
  0.985422	  0.002561	  0.008596	  0.003421	
  0.003421	  0.008596	  0.002561	  0.985422	
  0.003738	  0.003288	  0.006235	  0.986740	
  0.914489	  0.001293	  0.080226	  0.003992	
  0.474987	  0.008603	  0.476598	  0.039813	
  0.078830	  0.442223	  0.054744	  0.424202	
  0.068037	  0.145671	  0.102838	  0.683453	
  0.239872	  0.271585	  0.339298	  0.149245	
  0.434309	  0.190824	  0.135524	  0.239342	
  0.262173	  0.253994	  0.285560	  0.198273	

