MEME version 4

ALPHABET= ACGT

strands: + -

A 0.25000 C 0.25000 G 0.25000 T 0.25000 

MOTIF	Alx4_1744.1_uniprobe
letter-probability matrix: alength= 4 w= 17 nsites= 20 E= 0
  0.157273	  0.585688	  0.146550	  0.110489	
  0.101523	  0.237479	  0.564380	  0.096618	
  0.193270	  0.435987	  0.162349	  0.208394	
  0.400388	  0.147300	  0.288303	  0.164009	
  0.024226	  0.342087	  0.012882	  0.620805	
  0.008000	  0.075817	  0.000619	  0.915564	
  0.985141	  0.005806	  0.006883	  0.002170	
  0.982736	  0.001093	  0.007946	  0.008225	
  0.008225	  0.007946	  0.001093	  0.982736	
  0.002170	  0.006883	  0.005806	  0.985141	
  0.915564	  0.000619	  0.075817	  0.008000	
  0.620805	  0.012882	  0.342087	  0.024226	
  0.170770	  0.230734	  0.181573	  0.416923	
  0.288450	  0.276651	  0.131047	  0.303852	
  0.357826	  0.233014	  0.187725	  0.221435	
  0.234713	  0.285797	  0.247197	  0.232293	
  0.121730	  0.426544	  0.213779	  0.237947	

