MEME version 4

ALPHABET= ACGT

strands: + -

A 0.25000 C 0.25000 G 0.25000 T 0.25000 

MOTIF	Arid5a_secondary_uniprobe
letter-probability matrix: alength= 4 w= 17 nsites= 20 E= 0
  0.171818	  0.301056	  0.272984	  0.254142	
  0.302396	  0.167176	  0.303664	  0.226765	
  0.143418	  0.268925	  0.092516	  0.495141	
  0.279634	  0.190554	  0.254922	  0.274891	
  0.282522	  0.364494	  0.178654	  0.174330	
  0.671808	  0.058029	  0.059648	  0.210515	
  0.834274	  0.073299	  0.052756	  0.039670	
  0.037426	  0.054162	  0.097288	  0.811124	
  0.781687	  0.119873	  0.059536	  0.038903	
  0.094411	  0.739418	  0.148946	  0.017225	
  0.121496	  0.182464	  0.688059	  0.007982	
  0.531845	  0.058513	  0.264994	  0.144647	
  0.406274	  0.102159	  0.285681	  0.205886	
  0.434643	  0.139452	  0.187267	  0.238638	
  0.151869	  0.281521	  0.246110	  0.320500	
  0.351314	  0.200542	  0.276809	  0.171335	
  0.442449	  0.213939	  0.210895	  0.132717	

