MEME version 4

ALPHABET= ACGT

strands: + -

A 0.25000 C 0.25000 G 0.25000 T 0.25000 

MOTIF	Atf1_secondary_uniprobe
letter-probability matrix: alength= 4 w= 14 nsites= 20 E= 0
  0.190871	  0.208590	  0.418111	  0.182428	
  0.317846	  0.111669	  0.286306	  0.284179	
  0.648958	  0.110707	  0.203307	  0.037028	
  0.036931	  0.051884	  0.046511	  0.864674	
  0.083831	  0.047140	  0.807374	  0.061655	
  0.825537	  0.040814	  0.065502	  0.068147	
  0.036229	  0.860339	  0.049032	  0.054400	
  0.158667	  0.026582	  0.782382	  0.032369	
  0.564584	  0.233981	  0.083790	  0.117646	
  0.398929	  0.020841	  0.349286	  0.230944	
  0.018357	  0.259286	  0.208353	  0.514004	
  0.691640	  0.068711	  0.099394	  0.140256	
  0.455948	  0.106302	  0.180732	  0.257017	
  0.257719	  0.300244	  0.204520	  0.237517	

