MEME version 4

ALPHABET= ACGT

strands: + -

A 0.25000 C 0.25000 G 0.25000 T 0.25000 

MOTIF	Bapx1_2343.1_uniprobe
letter-probability matrix: alength= 4 w= 17 nsites= 20 E= 0
  0.301697	  0.347856	  0.239075	  0.111372	
  0.364458	  0.225587	  0.074842	  0.335112	
  0.228472	  0.141747	  0.139010	  0.490770	
  0.559532	  0.164793	  0.197557	  0.078118	
  0.506611	  0.130882	  0.113226	  0.249281	
  0.054222	  0.680706	  0.257913	  0.007160	
  0.001978	  0.899030	  0.000622	  0.098369	
  0.950561	  0.002121	  0.000888	  0.046429	
  0.037529	  0.960534	  0.000660	  0.001278	
  0.001571	  0.005538	  0.001403	  0.991487	
  0.001274	  0.052527	  0.000520	  0.945679	
  0.926306	  0.006886	  0.003823	  0.062985	
  0.638246	  0.038639	  0.145042	  0.178072	
  0.266452	  0.337698	  0.283972	  0.111878	
  0.307019	  0.250170	  0.243307	  0.199504	
  0.550380	  0.190997	  0.122920	  0.135703	
  0.187982	  0.330356	  0.168897	  0.312765	

