MEME version 4

ALPHABET= ACGT

strands: + -

A 0.25000 C 0.25000 G 0.25000 T 0.25000 

MOTIF	Barhl2_3868.1_uniprobe
letter-probability matrix: alength= 4 w= 16 nsites= 20 E= 0
  0.461695	  0.224449	  0.118884	  0.194972	
  0.573918	  0.178052	  0.084607	  0.163423	
  0.509202	  0.299283	  0.046830	  0.144686	
  0.781754	  0.035879	  0.132996	  0.049371	
  0.909629	  0.018003	  0.066327	  0.006042	
  0.185305	  0.442819	  0.168153	  0.203723	
  0.004152	  0.938941	  0.000741	  0.056166	
  0.952728	  0.004094	  0.036915	  0.006262	
  0.962648	  0.006522	  0.001095	  0.029735	
  0.002949	  0.002007	  0.002143	  0.992902	
  0.002773	  0.003794	  0.001682	  0.991751	
  0.985960	  0.000635	  0.003183	  0.010222	
  0.728479	  0.023198	  0.141457	  0.106866	
  0.100754	  0.330009	  0.347597	  0.221641	
  0.392007	  0.211701	  0.147142	  0.249150	
  0.323968	  0.271247	  0.123950	  0.280834	

