MEME version 4

ALPHABET= ACGT

strands: + -

A 0.25000 C 0.25000 G 0.25000 T 0.25000 

MOTIF	Barx1_2877.1_uniprobe
letter-probability matrix: alength= 4 w= 16 nsites= 20 E= 0
  0.504112	  0.264812	  0.087223	  0.143852	
  0.487025	  0.235107	  0.115990	  0.161878	
  0.529057	  0.056837	  0.385089	  0.029016	
  0.181970	  0.301206	  0.435391	  0.081433	
  0.009718	  0.461878	  0.000653	  0.527751	
  0.928087	  0.053786	  0.016352	  0.001776	
  0.979770	  0.014484	  0.002308	  0.003438	
  0.003438	  0.002308	  0.014484	  0.979770	
  0.001776	  0.016352	  0.053786	  0.928087	
  0.527751	  0.000653	  0.461878	  0.009718	
  0.056088	  0.387793	  0.401955	  0.154165	
  0.029016	  0.385089	  0.056837	  0.529057	
  0.251487	  0.206052	  0.295876	  0.246585	
  0.381816	  0.229828	  0.156209	  0.232147	
  0.559374	  0.078730	  0.151104	  0.210792	
  0.314571	  0.139381	  0.081168	  0.464880	

