MEME version 4

ALPHABET= ACGT

strands: + -

A 0.25000 C 0.25000 G 0.25000 T 0.25000 

MOTIF	Bbx_primary_uniprobe
letter-probability matrix: alength= 4 w= 15 nsites= 20 E= 0
  0.243561	  0.194936	  0.123150	  0.438353	
  0.606538	  0.159878	  0.056476	  0.177109	
  0.460256	  0.141315	  0.215237	  0.183192	
  0.134434	  0.033508	  0.053304	  0.778753	
  0.091333	  0.019966	  0.020704	  0.867997	
  0.136284	  0.753571	  0.062560	  0.047585	
  0.917109	  0.031475	  0.015472	  0.035944	
  0.452244	  0.084890	  0.121698	  0.341168	
  0.035944	  0.015472	  0.031475	  0.917109	
  0.047585	  0.062560	  0.753571	  0.136284	
  0.867997	  0.020704	  0.019966	  0.091333	
  0.778753	  0.053304	  0.033508	  0.134434	
  0.123705	  0.284125	  0.353361	  0.238808	
  0.291282	  0.126574	  0.120737	  0.461406	
  0.330626	  0.062565	  0.348868	  0.257941	

