MEME version 4

ALPHABET= ACGT

strands: + -

A 0.25000 C 0.25000 G 0.25000 T 0.25000 

MOTIF	Bcl6b_primary_uniprobe
letter-probability matrix: alength= 4 w= 16 nsites= 20 E= 0
  0.346550	  0.082299	  0.202982	  0.368169	
  0.169328	  0.599178	  0.046508	  0.184986	
  0.085619	  0.105820	  0.059390	  0.749172	
  0.128756	  0.084682	  0.076780	  0.709782	
  0.032381	  0.009923	  0.016477	  0.941220	
  0.013184	  0.868651	  0.009399	  0.108766	
  0.018397	  0.104497	  0.450474	  0.426632	
  0.800902	  0.010911	  0.015982	  0.172205	
  0.141166	  0.055397	  0.762379	  0.041059	
  0.073467	  0.021239	  0.811630	  0.093665	
  0.878497	  0.015031	  0.044964	  0.061509	
  0.875924	  0.027013	  0.013780	  0.083283	
  0.205684	  0.213313	  0.040936	  0.540067	
  0.244336	  0.228277	  0.168227	  0.359160	
  0.208971	  0.304437	  0.148473	  0.338119	
  0.201607	  0.294079	  0.334889	  0.169425	

