MEME version 4

ALPHABET= ACGT

strands: + -

A 0.25000 C 0.25000 G 0.25000 T 0.25000 

MOTIF	Bcl6b_secondary_uniprobe
letter-probability matrix: alength= 4 w= 16 nsites= 20 E= 0
  0.316572	  0.278382	  0.152556	  0.252490	
  0.167141	  0.257034	  0.259894	  0.315931	
  0.175523	  0.325956	  0.259996	  0.238525	
  0.165052	  0.385677	  0.239449	  0.209822	
  0.069489	  0.782718	  0.072454	  0.075339	
  0.049943	  0.800636	  0.031988	  0.117433	
  0.223382	  0.060306	  0.552691	  0.163621	
  0.072944	  0.818252	  0.034406	  0.074398	
  0.070535	  0.845127	  0.062712	  0.021626	
  0.031035	  0.859354	  0.055424	  0.054187	
  0.063668	  0.798503	  0.067274	  0.070554	
  0.348488	  0.030697	  0.197179	  0.423636	
  0.307220	  0.256470	  0.181009	  0.255301	
  0.460933	  0.285057	  0.090258	  0.163752	
  0.315798	  0.228431	  0.171135	  0.284637	
  0.374527	  0.268328	  0.198810	  0.158335	

