MEME version 4

ALPHABET= ACGT

strands: + -

A 0.25000 C 0.25000 G 0.25000 T 0.25000 

MOTIF	Bhlhb2_primary_uniprobe
letter-probability matrix: alength= 4 w= 22 nsites= 20 E= 0
  0.347837	  0.112349	  0.403713	  0.136102	
  0.298329	  0.175329	  0.324534	  0.201809	
  0.421791	  0.222553	  0.113615	  0.242041	
  0.387506	  0.130670	  0.161435	  0.320389	
  0.197183	  0.244864	  0.304611	  0.253342	
  0.345884	  0.188786	  0.278290	  0.187041	
  0.228203	  0.142148	  0.408269	  0.221381	
  0.037126	  0.006772	  0.231775	  0.724328	
  0.055214	  0.942800	  0.001192	  0.000794	
  0.974119	  0.004466	  0.015535	  0.005880	
  0.000300	  0.958145	  0.007498	  0.034056	
  0.034056	  0.007498	  0.958145	  0.000300	
  0.005880	  0.015535	  0.004466	  0.974119	
  0.000794	  0.001192	  0.942800	  0.055214	
  0.724328	  0.231775	  0.006772	  0.037126	
  0.015720	  0.466476	  0.315208	  0.202596	
  0.173670	  0.355170	  0.210710	  0.260449	
  0.407419	  0.261539	  0.134430	  0.196612	
  0.351478	  0.209698	  0.262426	  0.176399	
  0.207869	  0.284582	  0.198951	  0.308598	
  0.434482	  0.113724	  0.184408	  0.267386	
  0.211144	  0.363745	  0.173978	  0.251133	

