MEME version 4

ALPHABET= ACGT

strands: + -

A 0.25000 C 0.25000 G 0.25000 T 0.25000 

MOTIF	Cdx2_4272.1_uniprobe
letter-probability matrix: alength= 4 w= 16 nsites= 20 E= 0
  0.314704	  0.147028	  0.248638	  0.289630	
  0.358628	  0.179740	  0.325491	  0.136141	
  0.298646	  0.303363	  0.300590	  0.097401	
  0.188478	  0.055557	  0.664045	  0.091921	
  0.171259	  0.033449	  0.790542	  0.004751	
  0.002849	  0.464940	  0.000596	  0.531615	
  0.576948	  0.399193	  0.001565	  0.022295	
  0.968872	  0.001511	  0.028582	  0.001035	
  0.006970	  0.003535	  0.000486	  0.989010	
  0.878078	  0.003399	  0.000389	  0.118134	
  0.951183	  0.000842	  0.001555	  0.046419	
  0.939504	  0.006021	  0.000818	  0.053657	
  0.567732	  0.151536	  0.050535	  0.230197	
  0.172713	  0.264434	  0.122553	  0.440299	
  0.142175	  0.107265	  0.258247	  0.492313	
  0.215178	  0.302818	  0.133613	  0.348391	

