MEME version 4

ALPHABET= ACGT

strands: + -

A 0.25000 C 0.25000 G 0.25000 T 0.25000 

MOTIF	Cphx_3484.1_uniprobe
letter-probability matrix: alength= 4 w= 14 nsites= 20 E= 0
  0.337349	  0.184522	  0.262763	  0.215366	
  0.030705	  0.004985	  0.004859	  0.959451	
  0.039208	  0.016117	  0.932630	  0.012045	
  0.975773	  0.006657	  0.006524	  0.011046	
  0.035741	  0.004061	  0.056726	  0.903472	
  0.099524	  0.371014	  0.287588	  0.241875	
  0.219255	  0.280761	  0.348937	  0.151047	
  0.537666	  0.343744	  0.079010	  0.039581	
  0.954765	  0.026706	  0.006995	  0.011534	
  0.006842	  0.005116	  0.002780	  0.985261	
  0.004043	  0.971830	  0.003062	  0.021064	
  0.947882	  0.014192	  0.007865	  0.030060	
  0.610545	  0.140113	  0.148523	  0.100819	
  0.356891	  0.207961	  0.104885	  0.330263	

