MEME version 4

ALPHABET= ACGT

strands: + -

A 0.25000 C 0.25000 G 0.25000 T 0.25000 

MOTIF	Cutl1_3494.2_uniprobe
letter-probability matrix: alength= 4 w= 15 nsites= 20 E= 0
  0.233720	  0.082903	  0.208991	  0.474386	
  0.507651	  0.192839	  0.165657	  0.133852	
  0.416857	  0.143747	  0.322292	  0.117104	
  0.029365	  0.184697	  0.093857	  0.692081	
  0.144573	  0.053738	  0.658701	  0.142989	
  0.867186	  0.053221	  0.032993	  0.046600	
  0.042812	  0.012598	  0.006269	  0.938320	
  0.338930	  0.056180	  0.507869	  0.097021	
  0.938320	  0.006269	  0.012598	  0.042812	
  0.046600	  0.032993	  0.053221	  0.867186	
  0.142989	  0.658701	  0.053738	  0.144573	
  0.692081	  0.093857	  0.184697	  0.029365	
  0.260491	  0.409202	  0.153408	  0.176899	
  0.151407	  0.065515	  0.123404	  0.659674	
  0.492484	  0.127826	  0.190198	  0.189491	

