MEME version 4

ALPHABET= ACGT

strands: + -

A 0.25000 C 0.25000 G 0.25000 T 0.25000 

MOTIF	Dlx2_2273.2_uniprobe
letter-probability matrix: alength= 4 w= 16 nsites= 20 E= 0
  0.325237	  0.286661	  0.343859	  0.044243	
  0.268070	  0.236142	  0.380964	  0.114824	
  0.314889	  0.078265	  0.310443	  0.296403	
  0.488521	  0.091236	  0.312895	  0.107348	
  0.011042	  0.293634	  0.000384	  0.694940	
  0.974839	  0.008852	  0.008637	  0.007673	
  0.979637	  0.003933	  0.001610	  0.014820	
  0.014820	  0.001610	  0.003933	  0.979637	
  0.007673	  0.008637	  0.008852	  0.974839	
  0.694940	  0.000384	  0.293634	  0.011042	
  0.081356	  0.369572	  0.282530	  0.266541	
  0.296403	  0.310443	  0.078265	  0.314889	
  0.177909	  0.317594	  0.080845	  0.423652	
  0.254519	  0.435683	  0.118544	  0.191255	
  0.618085	  0.106442	  0.153195	  0.122279	
  0.172720	  0.190763	  0.450827	  0.185690	

