MEME version 4

ALPHABET= ACGT

strands: + -

A 0.25000 C 0.25000 G 0.25000 T 0.25000 

MOTIF	Dlx3_1030.1_uniprobe
letter-probability matrix: alength= 4 w= 17 nsites= 20 E= 0
  0.157148	  0.217687	  0.304518	  0.320647	
  0.318275	  0.425158	  0.119826	  0.136742	
  0.273337	  0.201589	  0.374243	  0.150831	
  0.265663	  0.415436	  0.246477	  0.072424	
  0.286693	  0.118521	  0.299277	  0.295508	
  0.606385	  0.039818	  0.228390	  0.125406	
  0.004445	  0.031749	  0.000450	  0.963356	
  0.981242	  0.002051	  0.002953	  0.013754	
  0.991934	  0.001618	  0.001926	  0.004523	
  0.004360	  0.002257	  0.001886	  0.991496	
  0.006754	  0.002610	  0.007184	  0.983452	
  0.746718	  0.000881	  0.247141	  0.005260	
  0.073590	  0.571797	  0.121013	  0.233601	
  0.345116	  0.490403	  0.053716	  0.110764	
  0.180424	  0.304469	  0.365948	  0.149159	
  0.368505	  0.201561	  0.128879	  0.301055	
  0.283893	  0.384010	  0.129498	  0.202600	

