MEME version 4

ALPHABET= ACGT

strands: + -

A 0.25000 C 0.25000 G 0.25000 T 0.25000 

MOTIF	Dmbx1_2277.1_uniprobe
letter-probability matrix: alength= 4 w= 17 nsites= 20 E= 0
  0.341712	  0.131887	  0.116437	  0.409963	
  0.283906	  0.076249	  0.365173	  0.274672	
  0.492212	  0.077397	  0.310871	  0.119520	
  0.493786	  0.075296	  0.130460	  0.300459	
  0.250600	  0.362069	  0.176185	  0.211146	
  0.276779	  0.499358	  0.197580	  0.026283	
  0.055301	  0.013502	  0.929631	  0.001566	
  0.003194	  0.006606	  0.987514	  0.002686	
  0.939596	  0.057879	  0.001197	  0.001328	
  0.003076	  0.002848	  0.001228	  0.992848	
  0.012045	  0.007004	  0.000799	  0.980152	
  0.971675	  0.001072	  0.001680	  0.025573	
  0.398313	  0.051075	  0.351335	  0.199277	
  0.092401	  0.114350	  0.374362	  0.418888	
  0.152628	  0.280503	  0.301836	  0.265032	
  0.303927	  0.200947	  0.192110	  0.303017	
  0.367352	  0.124551	  0.150288	  0.357809	

