MEME version 4

ALPHABET= ACGT

strands: + -

A 0.25000 C 0.25000 G 0.25000 T 0.25000 

MOTIF	E2F3_primary_uniprobe
letter-probability matrix: alength= 4 w= 15 nsites= 20 E= 0
  0.358868	  0.212371	  0.263565	  0.165196	
  0.303014	  0.253580	  0.111217	  0.332189	
  0.420933	  0.110957	  0.210958	  0.257152	
  0.769724	  0.062662	  0.032155	  0.135459	
  0.311973	  0.051319	  0.408669	  0.228039	
  0.097916	  0.141153	  0.719697	  0.041234	
  0.009980	  0.014044	  0.971955	  0.004021	
  0.014425	  0.974798	  0.008373	  0.002404	
  0.000891	  0.013228	  0.983966	  0.001915	
  0.000827	  0.938560	  0.059548	  0.001065	
  0.007071	  0.102005	  0.872378	  0.018546	
  0.020099	  0.897653	  0.014151	  0.068097	
  0.114080	  0.346724	  0.409037	  0.130159	
  0.331439	  0.279041	  0.085030	  0.304491	
  0.319846	  0.136792	  0.043641	  0.499722	

