MEME version 4

ALPHABET= ACGT

strands: + -

A 0.25000 C 0.25000 G 0.25000 T 0.25000 

MOTIF	E2F3_secondary_uniprobe
letter-probability matrix: alength= 4 w= 17 nsites= 20 E= 0
  0.265095	  0.268267	  0.222997	  0.243641	
  0.200676	  0.255224	  0.341788	  0.202312	
  0.178293	  0.362068	  0.104617	  0.355022	
  0.351308	  0.049870	  0.101991	  0.496832	
  0.114543	  0.445994	  0.008584	  0.430879	
  0.113589	  0.020854	  0.846807	  0.018750	
  0.004661	  0.132010	  0.859240	  0.004088	
  0.030896	  0.962007	  0.004017	  0.003080	
  0.006194	  0.002090	  0.965564	  0.026152	
  0.008009	  0.911831	  0.077009	  0.003151	
  0.029519	  0.830096	  0.011333	  0.129053	
  0.764710	  0.016406	  0.088627	  0.130257	
  0.530327	  0.265186	  0.100721	  0.103765	
  0.331689	  0.153148	  0.308482	  0.206682	
  0.332536	  0.311591	  0.232118	  0.123755	
  0.175189	  0.233372	  0.375563	  0.215876	
  0.183884	  0.334856	  0.283993	  0.197267	

