MEME version 4

ALPHABET= ACGT

strands: + -

A 0.25000 C 0.25000 G 0.25000 T 0.25000 

MOTIF	Ehf_secondary_uniprobe
letter-probability matrix: alength= 4 w= 16 nsites= 20 E= 0
  0.307205	  0.034440	  0.106635	  0.551720	
  0.363403	  0.109044	  0.178564	  0.348988	
  0.296409	  0.241179	  0.359666	  0.102746	
  0.239304	  0.113815	  0.274725	  0.372156	
  0.742404	  0.063158	  0.121573	  0.072864	
  0.160692	  0.233592	  0.260062	  0.345653	
  0.073999	  0.014007	  0.012486	  0.899508	
  0.074874	  0.014298	  0.009907	  0.900921	
  0.022623	  0.925966	  0.008378	  0.043033	
  0.027723	  0.921907	  0.020088	  0.030282	
  0.029405	  0.074965	  0.595500	  0.300130	
  0.776422	  0.083024	  0.041124	  0.099429	
  0.270188	  0.158044	  0.134940	  0.436827	
  0.070564	  0.545506	  0.345463	  0.038467	
  0.316962	  0.128938	  0.151826	  0.402274	
  0.327940	  0.106122	  0.104097	  0.461841	

