MEME version 4

ALPHABET= ACGT

strands: + -

A 0.25000 C 0.25000 G 0.25000 T 0.25000 

MOTIF	Elf3_secondary_uniprobe
letter-probability matrix: alength= 4 w= 17 nsites= 20 E= 0
  0.155083	  0.152982	  0.490906	  0.201030	
  0.123195	  0.312681	  0.220770	  0.343354	
  0.110252	  0.131358	  0.153983	  0.604406	
  0.216489	  0.490160	  0.101348	  0.192003	
  0.396130	  0.292429	  0.103252	  0.208189	
  0.634770	  0.070898	  0.070668	  0.223664	
  0.667102	  0.099915	  0.067576	  0.165407	
  0.625495	  0.095579	  0.039353	  0.239573	
  0.717478	  0.093228	  0.024737	  0.164558	
  0.729965	  0.048628	  0.024557	  0.196850	
  0.670909	  0.118718	  0.043692	  0.166681	
  0.689441	  0.050145	  0.038829	  0.221584	
  0.506735	  0.159498	  0.095635	  0.238132	
  0.406093	  0.298915	  0.149902	  0.145090	
  0.193913	  0.282078	  0.096706	  0.427303	
  0.272324	  0.154790	  0.262469	  0.310417	
  0.224484	  0.458724	  0.060144	  0.256647	

