MEME version 4

ALPHABET= ACGT

strands: + -

A 0.25000 C 0.25000 G 0.25000 T 0.25000 

MOTIF	Emx2_3420.1_uniprobe
letter-probability matrix: alength= 4 w= 17 nsites= 20 E= 0
  0.484575	  0.083418	  0.052338	  0.379669	
  0.260773	  0.336233	  0.332641	  0.070352	
  0.276126	  0.368417	  0.241198	  0.114259	
  0.377205	  0.196394	  0.327727	  0.098673	
  0.025781	  0.682867	  0.059474	  0.231877	
  0.015583	  0.035769	  0.000782	  0.947865	
  0.884975	  0.111429	  0.001139	  0.002457	
  0.979922	  0.008742	  0.000744	  0.010591	
  0.010591	  0.000744	  0.008742	  0.979922	
  0.002457	  0.001139	  0.111429	  0.884975	
  0.947865	  0.000782	  0.035769	  0.015583	
  0.231877	  0.059474	  0.682867	  0.025781	
  0.024452	  0.386115	  0.050019	  0.539414	
  0.116898	  0.151177	  0.484611	  0.247313	
  0.140854	  0.245359	  0.501926	  0.111862	
  0.273412	  0.258193	  0.206804	  0.261592	
  0.175252	  0.318601	  0.225006	  0.281142	

