MEME version 4

ALPHABET= ACGT

strands: + -

A 0.25000 C 0.25000 G 0.25000 T 0.25000 

MOTIF	En1_3123.2_uniprobe
letter-probability matrix: alength= 4 w= 16 nsites= 20 E= 0
  0.225324	  0.200755	  0.409800	  0.164122	
  0.229000	  0.311958	  0.294484	  0.164558	
  0.279127	  0.279600	  0.289348	  0.151924	
  0.731839	  0.146527	  0.080429	  0.041204	
  0.815756	  0.078552	  0.067059	  0.038633	
  0.113802	  0.539919	  0.107461	  0.238817	
  0.004782	  0.154753	  0.001038	  0.839427	
  0.972174	  0.003850	  0.019756	  0.004220	
  0.988578	  0.002699	  0.005007	  0.003715	
  0.007014	  0.002380	  0.003761	  0.986845	
  0.007181	  0.008818	  0.009221	  0.974780	
  0.966805	  0.003637	  0.016918	  0.012641	
  0.482834	  0.077180	  0.332986	  0.107001	
  0.055785	  0.135179	  0.371295	  0.437741	
  0.232569	  0.181896	  0.369752	  0.215783	
  0.203976	  0.486402	  0.200623	  0.108999	

