MEME version 4

ALPHABET= ACGT

strands: + -

A 0.25000 C 0.25000 G 0.25000 T 0.25000 

MOTIF	Eomes_primary_uniprobe
letter-probability matrix: alength= 4 w= 17 nsites= 20 E= 0
  0.186316	  0.215541	  0.297644	  0.300499	
  0.300381	  0.234276	  0.266283	  0.199061	
  0.317841	  0.211418	  0.183235	  0.287507	
  0.482598	  0.095323	  0.245062	  0.177017	
  0.654197	  0.008988	  0.261951	  0.074864	
  0.095656	  0.022883	  0.843364	  0.038097	
  0.002655	  0.008355	  0.976390	  0.012600	
  0.003287	  0.080755	  0.001057	  0.914900	
  0.006753	  0.001517	  0.989917	  0.001813	
  0.039940	  0.098800	  0.003305	  0.857955	
  0.009015	  0.039036	  0.844029	  0.107921	
  0.984070	  0.002369	  0.008852	  0.004709	
  0.789505	  0.101528	  0.029294	  0.079672	
  0.649685	  0.139882	  0.090466	  0.119966	
  0.421759	  0.205595	  0.073074	  0.299573	
  0.214779	  0.290522	  0.134050	  0.360649	
  0.202141	  0.270323	  0.176798	  0.350738	

