MEME version 4

ALPHABET= ACGT

strands: + -

A 0.25000 C 0.25000 G 0.25000 T 0.25000 

MOTIF	Esrra_primary_uniprobe
letter-probability matrix: alength= 4 w= 17 nsites= 20 E= 0
  0.212524	  0.177958	  0.293723	  0.315796	
  0.420838	  0.283140	  0.144938	  0.151084	
  0.198119	  0.196347	  0.260353	  0.345181	
  0.117752	  0.282184	  0.137207	  0.462857	
  0.070125	  0.781439	  0.138093	  0.010344	
  0.965989	  0.000956	  0.023828	  0.009227	
  0.977263	  0.003066	  0.019255	  0.000416	
  0.007404	  0.000267	  0.938934	  0.053395	
  0.007147	  0.000287	  0.983377	  0.009190	
  0.039608	  0.000730	  0.040682	  0.918981	
  0.000685	  0.905345	  0.021930	  0.072040	
  0.800961	  0.001126	  0.195791	  0.002121	
  0.245039	  0.241263	  0.038084	  0.475614	
  0.265397	  0.238316	  0.304963	  0.191325	
  0.203742	  0.286208	  0.231002	  0.279048	
  0.194132	  0.188854	  0.346693	  0.270322	
  0.310711	  0.263840	  0.184317	  0.241132	

