MEME version 4

ALPHABET= ACGT

strands: + -

A 0.25000 C 0.25000 G 0.25000 T 0.25000 

MOTIF	Esrra_secondary_uniprobe
letter-probability matrix: alength= 4 w= 17 nsites= 20 E= 0
  0.252126	  0.268706	  0.351590	  0.127578	
  0.158171	  0.083434	  0.389646	  0.368749	
  0.180010	  0.290882	  0.279192	  0.249916	
  0.206905	  0.249360	  0.275438	  0.268296	
  0.756588	  0.046202	  0.023921	  0.173289	
  0.018262	  0.022596	  0.949143	  0.010000	
  0.206468	  0.046491	  0.745475	  0.001566	
  0.005511	  0.001141	  0.983152	  0.010196	
  0.004791	  0.001893	  0.985951	  0.007365	
  0.027643	  0.001133	  0.008565	  0.962659	
  0.002459	  0.970934	  0.007826	  0.018780	
  0.924387	  0.003164	  0.071225	  0.001224	
  0.419387	  0.230189	  0.111588	  0.238836	
  0.290954	  0.163823	  0.341233	  0.203991	
  0.196768	  0.281307	  0.313868	  0.208056	
  0.128428	  0.260428	  0.378607	  0.232537	
  0.269305	  0.378895	  0.123480	  0.228320	

