MEME version 4

ALPHABET= ACGT

strands: + -

A 0.25000 C 0.25000 G 0.25000 T 0.25000 

MOTIF	Foxa2_primary_uniprobe
letter-probability matrix: alength= 4 w= 17 nsites= 20 E= 0
  0.335487	  0.205062	  0.128957	  0.330494	
  0.411635	  0.179625	  0.175701	  0.233038	
  0.412976	  0.128602	  0.091890	  0.366532	
  0.608396	  0.079002	  0.107142	  0.205460	
  0.433474	  0.035203	  0.153143	  0.378180	
  0.087552	  0.005003	  0.894586	  0.012858	
  0.004459	  0.038951	  0.001109	  0.955481	
  0.924470	  0.068560	  0.001165	  0.005805	
  0.920483	  0.070039	  0.001674	  0.007805	
  0.988335	  0.001902	  0.003155	  0.006608	
  0.001527	  0.656726	  0.002699	  0.339047	
  0.987505	  0.001810	  0.004336	  0.006349	
  0.719584	  0.065184	  0.050384	  0.164848	
  0.535389	  0.099997	  0.102849	  0.261764	
  0.245215	  0.272017	  0.301499	  0.181269	
  0.306107	  0.209040	  0.248687	  0.236166	
  0.223744	  0.278668	  0.251931	  0.245657	

