MEME version 4

ALPHABET= ACGT

strands: + -

A 0.25000 C 0.25000 G 0.25000 T 0.25000 

MOTIF	Foxa2_secondary_uniprobe
letter-probability matrix: alength= 4 w= 15 nsites= 20 E= 0
  0.337264	  0.231140	  0.283651	  0.147945	
  0.347118	  0.236817	  0.257338	  0.158726	
  0.431380	  0.126811	  0.187071	  0.254738	
  0.585753	  0.089587	  0.164350	  0.160310	
  0.590169	  0.225841	  0.088487	  0.095503	
  0.091374	  0.098551	  0.099596	  0.710479	
  0.790999	  0.060485	  0.081771	  0.066745	
  0.738945	  0.032660	  0.093144	  0.135251	
  0.071350	  0.719067	  0.064337	  0.145246	
  0.820757	  0.079130	  0.029431	  0.070682	
  0.603611	  0.145951	  0.097449	  0.152989	
  0.530021	  0.143634	  0.190469	  0.135877	
  0.231297	  0.288099	  0.276056	  0.204548	
  0.202920	  0.232513	  0.431635	  0.132933	
  0.198379	  0.292889	  0.308599	  0.200133	

