MEME version 4

ALPHABET= ACGT

strands: + -

A 0.25000 C 0.25000 G 0.25000 T 0.25000 

MOTIF	Foxj1_primary_uniprobe
letter-probability matrix: alength= 4 w= 16 nsites= 20 E= 0
  0.446042	  0.209997	  0.124191	  0.219770	
  0.271534	  0.218131	  0.245258	  0.265077	
  0.368646	  0.184693	  0.168482	  0.278180	
  0.348384	  0.034204	  0.583335	  0.034077	
  0.040365	  0.085618	  0.013162	  0.860855	
  0.824790	  0.156631	  0.004063	  0.014515	
  0.835134	  0.069381	  0.003505	  0.091980	
  0.967572	  0.009280	  0.006259	  0.016890	
  0.009507	  0.909577	  0.004492	  0.076424	
  0.947956	  0.006994	  0.008177	  0.036873	
  0.599204	  0.170666	  0.065622	  0.164508	
  0.708795	  0.035865	  0.070557	  0.184782	
  0.303191	  0.287145	  0.184748	  0.224917	
  0.285550	  0.184167	  0.248662	  0.281621	
  0.235315	  0.210836	  0.254428	  0.299421	
  0.220038	  0.158539	  0.286552	  0.334871	

