MEME version 4

ALPHABET= ACGT

strands: + -

A 0.25000 C 0.25000 G 0.25000 T 0.25000 

MOTIF	Foxj3_primary_uniprobe
letter-probability matrix: alength= 4 w= 17 nsites= 20 E= 0
  0.273456	  0.257473	  0.208488	  0.260583	
  0.338566	  0.133379	  0.306363	  0.221693	
  0.475488	  0.192852	  0.156858	  0.174803	
  0.506619	  0.132646	  0.170373	  0.190362	
  0.349042	  0.127275	  0.325924	  0.197759	
  0.303850	  0.013619	  0.678034	  0.004497	
  0.014136	  0.015691	  0.003073	  0.967100	
  0.913373	  0.082928	  0.001910	  0.001789	
  0.956294	  0.017745	  0.000584	  0.025378	
  0.987796	  0.001685	  0.004159	  0.006360	
  0.002288	  0.814764	  0.001427	  0.181521	
  0.986707	  0.002688	  0.003346	  0.007259	
  0.787378	  0.065481	  0.057961	  0.089180	
  0.572982	  0.089910	  0.066184	  0.270924	
  0.224167	  0.339979	  0.258886	  0.176968	
  0.268414	  0.272007	  0.239541	  0.220038	
  0.241771	  0.394748	  0.174273	  0.189208	

