MEME version 4

ALPHABET= ACGT

strands: + -

A 0.25000 C 0.25000 G 0.25000 T 0.25000 

MOTIF	Foxk1_primary_uniprobe
letter-probability matrix: alength= 4 w= 17 nsites= 20 E= 0
  0.338172	  0.192194	  0.207817	  0.261817	
  0.407924	  0.117261	  0.278236	  0.196580	
  0.595570	  0.070480	  0.119221	  0.214729	
  0.710845	  0.038748	  0.052600	  0.197807	
  0.124647	  0.116138	  0.178053	  0.581162	
  0.201602	  0.005514	  0.792110	  0.000774	
  0.024590	  0.004193	  0.001331	  0.969886	
  0.919465	  0.077871	  0.000760	  0.001904	
  0.972342	  0.010395	  0.000580	  0.016683	
  0.991045	  0.001495	  0.003585	  0.003875	
  0.001358	  0.885197	  0.000980	  0.112465	
  0.990318	  0.001846	  0.002968	  0.004867	
  0.804563	  0.063147	  0.023496	  0.108795	
  0.564824	  0.087976	  0.102865	  0.244336	
  0.269947	  0.300278	  0.285008	  0.144767	
  0.337905	  0.220102	  0.253694	  0.188299	
  0.153781	  0.274135	  0.318343	  0.253741	

