MEME version 4

ALPHABET= ACGT

strands: + -

A 0.25000 C 0.25000 G 0.25000 T 0.25000 

MOTIF	Foxk1_secondary_uniprobe
letter-probability matrix: alength= 4 w= 15 nsites= 20 E= 0
  0.240753	  0.425595	  0.141281	  0.192371	
  0.367715	  0.247224	  0.117353	  0.267708	
  0.489169	  0.220343	  0.113844	  0.176644	
  0.742256	  0.042809	  0.146704	  0.068231	
  0.078936	  0.546144	  0.032328	  0.342592	
  0.588419	  0.293580	  0.082117	  0.035885	
  0.913924	  0.026256	  0.050778	  0.009042	
  0.009007	  0.565680	  0.010683	  0.414630	
  0.947562	  0.020878	  0.018821	  0.012739	
  0.901384	  0.021519	  0.030204	  0.046893	
  0.077157	  0.797900	  0.026432	  0.098511	
  0.824314	  0.040128	  0.051910	  0.083648	
  0.254436	  0.342235	  0.143789	  0.259539	
  0.319400	  0.338163	  0.129746	  0.212691	
  0.231014	  0.260719	  0.169042	  0.339225	

