MEME version 4

ALPHABET= ACGT

strands: + -

A 0.25000 C 0.25000 G 0.25000 T 0.25000 

MOTIF	Foxl1_primary_uniprobe
letter-probability matrix: alength= 4 w= 17 nsites= 20 E= 0
  0.323208	  0.152915	  0.185111	  0.338766	
  0.428132	  0.056109	  0.099487	  0.416272	
  0.659386	  0.039965	  0.035805	  0.264843	
  0.647143	  0.049206	  0.078984	  0.224667	
  0.208834	  0.076592	  0.071631	  0.642943	
  0.341077	  0.003865	  0.649511	  0.005547	
  0.016627	  0.001866	  0.001715	  0.979792	
  0.952319	  0.045294	  0.000870	  0.001516	
  0.988834	  0.004620	  0.000720	  0.005826	
  0.989346	  0.001005	  0.006467	  0.003182	
  0.001093	  0.784230	  0.001235	  0.213442	
  0.991209	  0.002017	  0.001737	  0.005037	
  0.801581	  0.037084	  0.023060	  0.138274	
  0.528554	  0.089350	  0.107501	  0.274595	
  0.208802	  0.268646	  0.368022	  0.154530	
  0.280218	  0.221367	  0.340497	  0.157918	
  0.146611	  0.250725	  0.293524	  0.309140	

