MEME version 4

ALPHABET= ACGT

strands: + -

A 0.25000 C 0.25000 G 0.25000 T 0.25000 

MOTIF	Gata6_primary_uniprobe
letter-probability matrix: alength= 4 w= 17 nsites= 20 E= 0
  0.349779	  0.104807	  0.163845	  0.381569	
  0.379507	  0.241361	  0.162996	  0.216137	
  0.301570	  0.171595	  0.216294	  0.310541	
  0.383341	  0.282970	  0.194814	  0.138875	
  0.222790	  0.153121	  0.314812	  0.309278	
  0.547714	  0.112442	  0.004050	  0.335794	
  0.003590	  0.001126	  0.990090	  0.005194	
  0.990511	  0.001699	  0.001957	  0.005833	
  0.002023	  0.005588	  0.002297	  0.990092	
  0.890935	  0.001908	  0.001081	  0.106076	
  0.944095	  0.006031	  0.009953	  0.039921	
  0.034723	  0.215453	  0.721767	  0.028058	
  0.515733	  0.239041	  0.204426	  0.040800	
  0.386668	  0.116787	  0.252701	  0.243844	
  0.210568	  0.133136	  0.175912	  0.480385	
  0.219610	  0.214405	  0.172518	  0.393466	
  0.267885	  0.223946	  0.338950	  0.169218	

