MEME version 4

ALPHABET= ACGT

strands: + -

A 0.25000 C 0.25000 G 0.25000 T 0.25000 

MOTIF	Gata3_secondary_uniprobe
letter-probability matrix: alength= 4 w= 22 nsites= 20 E= 0
  0.177641	  0.319872	  0.115137	  0.387350	
  0.136644	  0.182137	  0.205873	  0.475347	
  0.254263	  0.244280	  0.165207	  0.336250	
  0.240415	  0.207557	  0.237497	  0.314530	
  0.271041	  0.214702	  0.364395	  0.149863	
  0.095475	  0.320104	  0.191738	  0.392682	
  0.500902	  0.142722	  0.026556	  0.329820	
  0.051221	  0.023698	  0.897245	  0.027836	
  0.922410	  0.027509	  0.024058	  0.026023	
  0.030735	  0.070903	  0.024248	  0.874114	
  0.242120	  0.231992	  0.225143	  0.300745	
  0.106956	  0.220471	  0.283490	  0.389083	
  0.152079	  0.165830	  0.135066	  0.547025	
  0.839205	  0.051581	  0.060119	  0.049095	
  0.041204	  0.069147	  0.070830	  0.818819	
  0.051861	  0.848177	  0.027599	  0.072363	
  0.383793	  0.016807	  0.397470	  0.201931	
  0.381899	  0.215846	  0.255908	  0.146347	
  0.094792	  0.358651	  0.280905	  0.265652	
  0.296132	  0.181545	  0.178433	  0.343890	
  0.301997	  0.254722	  0.108566	  0.334714	
  0.349481	  0.270693	  0.137507	  0.242319	

