MEME version 4

ALPHABET= ACGT

strands: + -

A 0.25000 C 0.25000 G 0.25000 T 0.25000 

MOTIF	Gata5_primary_uniprobe
letter-probability matrix: alength= 4 w= 17 nsites= 20 E= 0
  0.327856	  0.194160	  0.111452	  0.366532	
  0.399982	  0.140479	  0.170195	  0.289344	
  0.394490	  0.145267	  0.180539	  0.279704	
  0.409290	  0.128785	  0.262018	  0.199907	
  0.058803	  0.632511	  0.120239	  0.188447	
  0.180750	  0.075071	  0.002496	  0.741683	
  0.003552	  0.002471	  0.990756	  0.003222	
  0.990124	  0.002186	  0.003871	  0.003820	
  0.006574	  0.003792	  0.002332	  0.987302	
  0.961900	  0.008809	  0.000917	  0.028374	
  0.969948	  0.005720	  0.005836	  0.018496	
  0.045135	  0.146533	  0.781309	  0.027024	
  0.485705	  0.128187	  0.338666	  0.047442	
  0.419254	  0.179521	  0.274833	  0.126393	
  0.225481	  0.195034	  0.334267	  0.245218	
  0.478581	  0.137289	  0.161659	  0.222471	
  0.231990	  0.219367	  0.227085	  0.321557	

