MEME version 4

ALPHABET= ACGT

strands: + -

A 0.25000 C 0.25000 G 0.25000 T 0.25000 

MOTIF	Gata6_secondary_uniprobe
letter-probability matrix: alength= 4 w= 17 nsites= 20 E= 0
  0.096037	  0.078720	  0.658871	  0.166372	
  0.099473	  0.472200	  0.272164	  0.156163	
  0.148727	  0.227078	  0.409637	  0.214558	
  0.280787	  0.217654	  0.322181	  0.179378	
  0.108784	  0.723506	  0.080970	  0.086739	
  0.058171	  0.044102	  0.818270	  0.079457	
  0.681346	  0.227586	  0.064501	  0.026567	
  0.026226	  0.007471	  0.070040	  0.896263	
  0.896263	  0.070040	  0.007471	  0.026226	
  0.026567	  0.064501	  0.227586	  0.681346	
  0.079457	  0.818270	  0.044102	  0.058171	
  0.086739	  0.080970	  0.723506	  0.108784	
  0.081853	  0.508631	  0.267911	  0.141606	
  0.438599	  0.302967	  0.195554	  0.062881	
  0.091413	  0.182315	  0.581418	  0.144854	
  0.142535	  0.490840	  0.073803	  0.292822	
  0.254673	  0.169951	  0.289664	  0.285713	

