MEME version 4

ALPHABET= ACGT

strands: + -

A 0.25000 C 0.25000 G 0.25000 T 0.25000 

MOTIF	Gbx2_3110.1_uniprobe
letter-probability matrix: alength= 4 w= 17 nsites= 20 E= 0
  0.386212	  0.050100	  0.264286	  0.299401	
  0.238250	  0.271019	  0.290093	  0.200638	
  0.244981	  0.382115	  0.195542	  0.177362	
  0.408943	  0.090757	  0.420316	  0.079984	
  0.043824	  0.844120	  0.061224	  0.050832	
  0.003925	  0.194171	  0.000796	  0.801108	
  0.980854	  0.013004	  0.004250	  0.001892	
  0.986820	  0.005116	  0.002834	  0.005231	
  0.005231	  0.002834	  0.005116	  0.986820	
  0.001892	  0.004250	  0.013004	  0.980854	
  0.801108	  0.000796	  0.194171	  0.003925	
  0.050832	  0.061224	  0.844120	  0.043824	
  0.042136	  0.437110	  0.103694	  0.417060	
  0.157043	  0.278774	  0.439499	  0.124684	
  0.389315	  0.112948	  0.303336	  0.194401	
  0.111205	  0.229990	  0.249727	  0.409078	
  0.152439	  0.132904	  0.226965	  0.487693	

