MEME version 4

ALPHABET= ACGT

strands: + -

A 0.25000 C 0.25000 G 0.25000 T 0.25000 

MOTIF	Gcm1_primary_uniprobe
letter-probability matrix: alength= 4 w= 16 nsites= 20 E= 0
  0.251681	  0.208273	  0.178525	  0.361520	
  0.323865	  0.334303	  0.205542	  0.136289	
  0.308084	  0.277004	  0.326203	  0.088709	
  0.280609	  0.171416	  0.168918	  0.379057	
  0.734441	  0.031257	  0.211473	  0.022829	
  0.006187	  0.990281	  0.001052	  0.002480	
  0.005819	  0.990856	  0.001498	  0.001826	
  0.043838	  0.936502	  0.001550	  0.018110	
  0.022607	  0.058037	  0.901005	  0.018350	
  0.000424	  0.787011	  0.026547	  0.186017	
  0.980774	  0.002884	  0.011288	  0.005054	
  0.009100	  0.110310	  0.067399	  0.813192	
  0.247510	  0.310539	  0.250093	  0.191858	
  0.279511	  0.211998	  0.250717	  0.257774	
  0.264451	  0.270002	  0.142606	  0.322941	
  0.227607	  0.212076	  0.267214	  0.293102	

