MEME version 4

ALPHABET= ACGT

strands: + -

A 0.25000 C 0.25000 G 0.25000 T 0.25000 

MOTIF	Gcm1_secondary_uniprobe
letter-probability matrix: alength= 4 w= 17 nsites= 20 E= 0
  0.298360	  0.124865	  0.240783	  0.335992	
  0.184300	  0.174617	  0.373392	  0.267691	
  0.150632	  0.435099	  0.254062	  0.160207	
  0.212569	  0.220347	  0.370971	  0.196113	
  0.258171	  0.316689	  0.186896	  0.238243	
  0.872371	  0.051703	  0.070791	  0.005135	
  0.011560	  0.017672	  0.009746	  0.961022	
  0.888546	  0.042964	  0.061758	  0.006732	
  0.071365	  0.009982	  0.801505	  0.117148	
  0.010657	  0.014961	  0.949286	  0.025096	
  0.004496	  0.009941	  0.978381	  0.007182	
  0.005645	  0.010294	  0.972682	  0.011378	
  0.499895	  0.152322	  0.335875	  0.011908	
  0.109410	  0.346384	  0.380529	  0.163677	
  0.371764	  0.096182	  0.457999	  0.074056	
  0.450207	  0.392208	  0.065686	  0.091898	
  0.104224	  0.228467	  0.391473	  0.275836	

