MEME version 4

ALPHABET= ACGT

strands: + -

A 0.25000 C 0.25000 G 0.25000 T 0.25000 

MOTIF	Glis2_secondary_uniprobe
letter-probability matrix: alength= 4 w= 14 nsites= 20 E= 0
  0.365755	  0.225782	  0.091871	  0.316593	
  0.343299	  0.160876	  0.206971	  0.288854	
  0.060679	  0.072038	  0.092308	  0.774975	
  0.713491	  0.063350	  0.137042	  0.086116	
  0.174542	  0.088095	  0.094744	  0.642620	
  0.097026	  0.085027	  0.139475	  0.678472	
  0.710084	  0.072723	  0.128873	  0.088320	
  0.369669	  0.182092	  0.127500	  0.320739	
  0.181162	  0.145491	  0.093689	  0.579659	
  0.710308	  0.067407	  0.054648	  0.167638	
  0.679812	  0.058228	  0.089773	  0.172186	
  0.705700	  0.167070	  0.033893	  0.093337	
  0.217869	  0.162331	  0.460989	  0.158811	
  0.412095	  0.213865	  0.220174	  0.153866	

