MEME version 4

ALPHABET= ACGT

strands: + -

A 0.25000 C 0.25000 G 0.25000 T 0.25000 

MOTIF	Glis2_primary_uniprobe
letter-probability matrix: alength= 4 w= 16 nsites= 20 E= 0
  0.135895	  0.314811	  0.129804	  0.419490	
  0.379294	  0.148356	  0.125349	  0.347001	
  0.331058	  0.171563	  0.156431	  0.340948	
  0.238325	  0.268940	  0.259195	  0.233540	
  0.014812	  0.072844	  0.774496	  0.137848	
  0.826050	  0.107559	  0.058965	  0.007426	
  0.013657	  0.965452	  0.008273	  0.012618	
  0.011951	  0.975704	  0.007210	  0.005135	
  0.015560	  0.961676	  0.004028	  0.018736	
  0.010295	  0.971668	  0.003618	  0.014418	
  0.087168	  0.805495	  0.002118	  0.105220	
  0.098937	  0.760880	  0.010017	  0.130166	
  0.492579	  0.177017	  0.171719	  0.158685	
  0.160142	  0.327745	  0.192170	  0.319943	
  0.484858	  0.086830	  0.273852	  0.154461	
  0.266100	  0.086868	  0.363661	  0.283371	

