MEME version 4

ALPHABET= ACGT

strands: + -

A 0.25000 C 0.25000 G 0.25000 T 0.25000 

MOTIF	Gm397_secondary_uniprobe
letter-probability matrix: alength= 4 w= 16 nsites= 20 E= 0
  0.360404	  0.193218	  0.248888	  0.197490	
  0.286498	  0.224597	  0.426555	  0.062349	
  0.347032	  0.440548	  0.033161	  0.179259	
  0.337062	  0.193658	  0.385751	  0.083529	
  0.108793	  0.005723	  0.878300	  0.007184	
  0.015151	  0.973406	  0.009324	  0.002118	
  0.972117	  0.003915	  0.019783	  0.004185	
  0.010144	  0.980912	  0.003106	  0.005839	
  0.974864	  0.007532	  0.015914	  0.001691	
  0.012441	  0.939195	  0.029256	  0.019108	
  0.759620	  0.106164	  0.073819	  0.060397	
  0.157234	  0.818234	  0.007449	  0.017083	
  0.050076	  0.063608	  0.505171	  0.381144	
  0.131903	  0.538163	  0.124608	  0.205325	
  0.367623	  0.286526	  0.240931	  0.104919	
  0.357798	  0.317606	  0.097711	  0.226885	

