MEME version 4

ALPHABET= ACGT

strands: + -

A 0.25000 C 0.25000 G 0.25000 T 0.25000 

MOTIF	Gm397_primary_uniprobe
letter-probability matrix: alength= 4 w= 17 nsites= 20 E= 0
  0.248614	  0.321010	  0.201723	  0.228654	
  0.332381	  0.190810	  0.184854	  0.291955	
  0.253802	  0.119338	  0.331394	  0.295466	
  0.577827	  0.100884	  0.130066	  0.191223	
  0.180374	  0.011174	  0.042942	  0.765510	
  0.009131	  0.024996	  0.962422	  0.003450	
  0.003308	  0.034731	  0.002930	  0.959032	
  0.063907	  0.001099	  0.933714	  0.001280	
  0.001280	  0.933714	  0.001099	  0.063907	
  0.959032	  0.002930	  0.034731	  0.003308	
  0.003450	  0.962422	  0.024996	  0.009131	
  0.765510	  0.042942	  0.011174	  0.180374	
  0.026456	  0.256356	  0.130672	  0.586516	
  0.589555	  0.285548	  0.036864	  0.088034	
  0.265828	  0.529813	  0.031915	  0.172445	
  0.209015	  0.104817	  0.374275	  0.311892	
  0.224283	  0.292805	  0.144270	  0.338642	

