MEME version 4

ALPHABET= ACGT

strands: + -

A 0.25000 C 0.25000 G 0.25000 T 0.25000 

MOTIF	Hbp1_primary_uniprobe
letter-probability matrix: alength= 4 w= 16 nsites= 20 E= 0
  0.348694	  0.177225	  0.158977	  0.315104	
  0.241477	  0.301470	  0.225252	  0.231801	
  0.299530	  0.177310	  0.188699	  0.334462	
  0.413829	  0.141414	  0.102784	  0.341973	
  0.032644	  0.017968	  0.004577	  0.944811	
  0.021091	  0.330699	  0.642563	  0.005647	
  0.969224	  0.001914	  0.005956	  0.022906	
  0.969063	  0.003485	  0.003398	  0.024054	
  0.013104	  0.003523	  0.002842	  0.980532	
  0.005485	  0.020244	  0.932599	  0.041672	
  0.757494	  0.002617	  0.231695	  0.008193	
  0.865658	  0.039206	  0.073039	  0.022097	
  0.110535	  0.114879	  0.043620	  0.730965	
  0.186322	  0.154540	  0.442471	  0.216667	
  0.366490	  0.152622	  0.256688	  0.224200	
  0.216146	  0.261309	  0.238703	  0.283842	

