MEME version 4

ALPHABET= ACGT

strands: + -

A 0.25000 C 0.25000 G 0.25000 T 0.25000 

MOTIF	Hdx_3845.3_uniprobe
letter-probability matrix: alength= 4 w= 17 nsites= 20 E= 0
  0.311640	  0.203273	  0.213311	  0.271776	
  0.341055	  0.177799	  0.257310	  0.223836	
  0.047573	  0.089551	  0.516163	  0.346713	
  0.195776	  0.119326	  0.352322	  0.332576	
  0.295379	  0.306027	  0.157574	  0.241020	
  0.213770	  0.018770	  0.724927	  0.042533	
  0.702123	  0.228608	  0.050137	  0.019133	
  0.826735	  0.011735	  0.061646	  0.099884	
  0.920071	  0.005458	  0.026253	  0.048218	
  0.018655	  0.024240	  0.028915	  0.928190	
  0.029929	  0.896758	  0.043300	  0.030013	
  0.864548	  0.044943	  0.013744	  0.076766	
  0.177175	  0.216931	  0.155519	  0.450375	
  0.228403	  0.325164	  0.203649	  0.242785	
  0.140135	  0.298665	  0.306153	  0.255047	
  0.338324	  0.345500	  0.057864	  0.258313	
  0.402538	  0.228867	  0.191777	  0.176818	

