MEME version 4

ALPHABET= ACGT

strands: + -

A 0.25000 C 0.25000 G 0.25000 T 0.25000 

MOTIF	Hic1_primary_uniprobe
letter-probability matrix: alength= 4 w= 16 nsites= 20 E= 0
  0.275207	  0.211375	  0.250277	  0.263141	
  0.135064	  0.327571	  0.217556	  0.319808	
  0.145659	  0.242586	  0.267179	  0.344576	
  0.656519	  0.009712	  0.315174	  0.018595	
  0.002265	  0.004755	  0.001656	  0.991325	
  0.041873	  0.001128	  0.955340	  0.001659	
  0.001306	  0.974834	  0.022215	  0.001645	
  0.001978	  0.992066	  0.002638	  0.003317	
  0.921032	  0.072388	  0.001237	  0.005344	
  0.582027	  0.211694	  0.115736	  0.090542	
  0.005990	  0.927450	  0.028306	  0.038254	
  0.027374	  0.799879	  0.053667	  0.119080	
  0.203510	  0.191263	  0.168997	  0.436229	
  0.402253	  0.154087	  0.291346	  0.152314	
  0.201201	  0.414412	  0.145330	  0.239056	
  0.241094	  0.332661	  0.143464	  0.282781	

