MEME version 4

ALPHABET= ACGT

strands: + -

A 0.25000 C 0.25000 G 0.25000 T 0.25000 

MOTIF	Hic1_secondary_uniprobe
letter-probability matrix: alength= 4 w= 16 nsites= 20 E= 0
  0.204898	  0.149951	  0.363373	  0.281778	
  0.112946	  0.243700	  0.437938	  0.205417	
  0.205232	  0.182319	  0.383143	  0.229305	
  0.242063	  0.152491	  0.296426	  0.309020	
  0.312922	  0.028523	  0.585026	  0.073529	
  0.006754	  0.011178	  0.005346	  0.976723	
  0.127589	  0.005562	  0.859436	  0.007414	
  0.010046	  0.974694	  0.007001	  0.008259	
  0.010262	  0.974769	  0.006069	  0.008899	
  0.015122	  0.966101	  0.007970	  0.010807	
  0.556511	  0.167389	  0.114635	  0.161465	
  0.586459	  0.044786	  0.073450	  0.295305	
  0.297710	  0.194666	  0.223655	  0.283969	
  0.303202	  0.250809	  0.206475	  0.239514	
  0.279338	  0.160655	  0.314457	  0.245550	
  0.266477	  0.266890	  0.299970	  0.166662	

