MEME version 4

ALPHABET= ACGT

strands: + -

A 0.25000 C 0.25000 G 0.25000 T 0.25000 

MOTIF	Hmbox1_2674.1_uniprobe
letter-probability matrix: alength= 4 w= 17 nsites= 20 E= 0
  0.254480	  0.227469	  0.304516	  0.213535	
  0.366459	  0.201140	  0.095748	  0.336653	
  0.440373	  0.096947	  0.335148	  0.127532	
  0.455634	  0.146689	  0.218235	  0.179442	
  0.467078	  0.088414	  0.140072	  0.304435	
  0.010084	  0.851943	  0.016929	  0.121043	
  0.006021	  0.005412	  0.032963	  0.955603	
  0.701471	  0.004047	  0.292080	  0.002402	
  0.010449	  0.001521	  0.985769	  0.002261	
  0.003613	  0.002865	  0.012374	  0.981149	
  0.110753	  0.009584	  0.002777	  0.876886	
  0.937477	  0.010371	  0.021428	  0.030725	
  0.637453	  0.058015	  0.103108	  0.201424	
  0.130060	  0.441130	  0.135433	  0.293377	
  0.333024	  0.128061	  0.261653	  0.277263	
  0.253476	  0.111554	  0.200185	  0.434785	
  0.073725	  0.426973	  0.305816	  0.193486	

