MEME version 4

ALPHABET= ACGT

strands: + -

A 0.25000 C 0.25000 G 0.25000 T 0.25000 

MOTIF	Hmx2_3424.3_uniprobe
letter-probability matrix: alength= 4 w= 17 nsites= 20 E= 0
  0.496013	  0.201439	  0.234082	  0.068466	
  0.187731	  0.442491	  0.232786	  0.136992	
  0.546269	  0.190140	  0.171225	  0.092365	
  0.766900	  0.055660	  0.121480	  0.055959	
  0.166703	  0.152146	  0.573689	  0.107463	
  0.008586	  0.974989	  0.003194	  0.013231	
  0.847648	  0.001099	  0.146478	  0.004775	
  0.851907	  0.131324	  0.006893	  0.009877	
  0.005053	  0.003719	  0.001092	  0.990135	
  0.015092	  0.055361	  0.000333	  0.929213	
  0.934792	  0.001369	  0.011244	  0.052595	
  0.890982	  0.010911	  0.022703	  0.075405	
  0.360898	  0.185917	  0.109871	  0.343315	
  0.248362	  0.207536	  0.407845	  0.136257	
  0.413889	  0.266826	  0.266667	  0.052618	
  0.472173	  0.104750	  0.246154	  0.176923	
  0.094095	  0.071488	  0.092888	  0.741528	

