MEME version 4

ALPHABET= ACGT

strands: + -

A 0.25000 C 0.25000 G 0.25000 T 0.25000 

MOTIF	Hnf4a_secondary_uniprobe
letter-probability matrix: alength= 4 w= 16 nsites= 20 E= 0
  0.131680	  0.169949	  0.346277	  0.352094	
  0.109910	  0.144258	  0.373681	  0.372151	
  0.196671	  0.411335	  0.159689	  0.232305	
  0.311086	  0.307077	  0.122332	  0.259505	
  0.895155	  0.013238	  0.038874	  0.052733	
  0.779629	  0.018399	  0.171269	  0.030703	
  0.950546	  0.002649	  0.041825	  0.004980	
  0.004769	  0.002646	  0.985847	  0.006739	
  0.004458	  0.002117	  0.012011	  0.981414	
  0.016789	  0.969626	  0.003890	  0.009695	
  0.002468	  0.982852	  0.004754	  0.009926	
  0.891448	  0.003193	  0.097548	  0.007811	
  0.513330	  0.308971	  0.070467	  0.107232	
  0.179371	  0.115514	  0.130898	  0.574217	
  0.285826	  0.277536	  0.166982	  0.269655	
  0.319407	  0.227783	  0.129020	  0.323790	

