MEME version 4

ALPHABET= ACGT

strands: + -

A 0.25000 C 0.25000 G 0.25000 T 0.25000 

MOTIF	Hoxa4_3426.1_uniprobe
letter-probability matrix: alength= 4 w= 17 nsites= 20 E= 0
  0.233260	  0.172675	  0.375647	  0.218418	
  0.388471	  0.102784	  0.310041	  0.198703	
  0.081455	  0.198806	  0.073285	  0.646453	
  0.210660	  0.229869	  0.096852	  0.462619	
  0.556726	  0.129604	  0.267025	  0.046644	
  0.167069	  0.107397	  0.046153	  0.679381	
  0.008884	  0.081407	  0.000865	  0.908843	
  0.939631	  0.057302	  0.002005	  0.001063	
  0.984039	  0.002519	  0.007011	  0.006431	
  0.006431	  0.007011	  0.002519	  0.984039	
  0.001063	  0.002005	  0.057302	  0.939631	
  0.908843	  0.000865	  0.081407	  0.008884	
  0.679381	  0.046153	  0.107397	  0.167069	
  0.089669	  0.560080	  0.115736	  0.234516	
  0.118323	  0.090012	  0.351292	  0.440373	
  0.099876	  0.273863	  0.256320	  0.369941	
  0.123720	  0.164285	  0.534030	  0.177965	

