MEME version 4

ALPHABET= ACGT

strands: + -

A 0.25000 C 0.25000 G 0.25000 T 0.25000 

MOTIF	Hoxa2_3079.1_uniprobe
letter-probability matrix: alength= 4 w= 16 nsites= 20 E= 0
  0.587651	  0.076089	  0.243595	  0.092665	
  0.333327	  0.316841	  0.218946	  0.130885	
  0.189864	  0.080409	  0.623610	  0.106117	
  0.088631	  0.205862	  0.524733	  0.180774	
  0.009842	  0.057445	  0.000693	  0.932020	
  0.902627	  0.088485	  0.007222	  0.001665	
  0.980611	  0.013133	  0.001766	  0.004490	
  0.004490	  0.001766	  0.013133	  0.980611	
  0.001665	  0.007222	  0.088485	  0.902627	
  0.932020	  0.000693	  0.057445	  0.009842	
  0.160139	  0.296715	  0.445011	  0.098135	
  0.106117	  0.623610	  0.080409	  0.189864	
  0.219505	  0.279029	  0.079739	  0.421727	
  0.257086	  0.444974	  0.085559	  0.212380	
  0.727235	  0.040522	  0.093463	  0.138780	
  0.279632	  0.168566	  0.266024	  0.285778	

