MEME version 4

ALPHABET= ACGT

strands: + -

A 0.25000 C 0.25000 G 0.25000 T 0.25000 

MOTIF	Hoxa3_primary_uniprobe
letter-probability matrix: alength= 4 w= 14 nsites= 20 E= 0
  0.234161	  0.193621	  0.229085	  0.343134	
  0.132183	  0.239153	  0.322014	  0.306650	
  0.120196	  0.180356	  0.536194	  0.163254	
  0.428616	  0.206347	  0.129990	  0.235047	
  0.206316	  0.100257	  0.551063	  0.142364	
  0.117079	  0.290577	  0.338280	  0.254065	
  0.006626	  0.053364	  0.000810	  0.939200	
  0.935977	  0.057513	  0.004687	  0.001823	
  0.991403	  0.002616	  0.002157	  0.003823	
  0.002403	  0.002247	  0.004011	  0.991339	
  0.002356	  0.002586	  0.048417	  0.946641	
  0.957297	  0.000629	  0.037430	  0.004644	
  0.428326	  0.191216	  0.334556	  0.045903	
  0.113729	  0.458657	  0.164712	  0.262902	

