MEME version 4

ALPHABET= ACGT

strands: + -

A 0.25000 C 0.25000 G 0.25000 T 0.25000 

MOTIF	Hoxa3_secondary_uniprobe
letter-probability matrix: alength= 4 w= 14 nsites= 20 E= 0
  0.572343	  0.138398	  0.159999	  0.129260	
  0.512593	  0.213365	  0.071501	  0.202541	
  0.546596	  0.054422	  0.269983	  0.128998	
  0.589826	  0.150166	  0.064734	  0.195274	
  0.319034	  0.184449	  0.187278	  0.309239	
  0.146380	  0.745365	  0.096310	  0.011944	
  0.017032	  0.337182	  0.319090	  0.326696	
  0.857244	  0.072930	  0.037273	  0.032553	
  0.045936	  0.016693	  0.015559	  0.921813	
  0.086227	  0.084030	  0.009915	  0.819828	
  0.861782	  0.023831	  0.021972	  0.092415	
  0.482195	  0.050841	  0.322777	  0.144187	
  0.145929	  0.280337	  0.423628	  0.150105	
  0.260608	  0.142587	  0.483904	  0.112901	

