MEME version 4

ALPHABET= ACGT

strands: + -

A 0.25000 C 0.25000 G 0.25000 T 0.25000 

MOTIF	Hoxa5_3415.1_uniprobe
letter-probability matrix: alength= 4 w= 16 nsites= 20 E= 0
  0.660457	  0.115523	  0.152874	  0.071146	
  0.325773	  0.392787	  0.146853	  0.134587	
  0.210505	  0.105406	  0.531764	  0.152325	
  0.081428	  0.193992	  0.446831	  0.277750	
  0.009301	  0.087964	  0.000746	  0.901990	
  0.903468	  0.088476	  0.004753	  0.003302	
  0.983871	  0.008681	  0.003378	  0.004070	
  0.004070	  0.003378	  0.008681	  0.983871	
  0.003302	  0.004753	  0.088476	  0.903468	
  0.901990	  0.000746	  0.087964	  0.009301	
  0.207075	  0.313661	  0.409618	  0.069645	
  0.152325	  0.531764	  0.105406	  0.210505	
  0.292750	  0.204768	  0.065377	  0.437104	
  0.266249	  0.410231	  0.096658	  0.226862	
  0.520194	  0.069003	  0.192597	  0.218206	
  0.266988	  0.137671	  0.362932	  0.232409	

