MEME version 4

ALPHABET= ACGT

strands: + -

A 0.25000 C 0.25000 G 0.25000 T 0.25000 

MOTIF	Hoxa10_2318.1_uniprobe
letter-probability matrix: alength= 4 w= 16 nsites= 20 E= 0
  0.253548	  0.084175	  0.291022	  0.371255	
  0.417014	  0.294330	  0.125631	  0.163025	
  0.123351	  0.208324	  0.445405	  0.222921	
  0.172372	  0.079941	  0.703466	  0.044221	
  0.067738	  0.316338	  0.008581	  0.607343	
  0.714812	  0.267364	  0.004791	  0.013032	
  0.889412	  0.007924	  0.076273	  0.026392	
  0.025273	  0.005506	  0.003887	  0.965335	
  0.702649	  0.009737	  0.005991	  0.281622	
  0.912510	  0.003037	  0.007419	  0.077034	
  0.883516	  0.023732	  0.005164	  0.087588	
  0.694916	  0.058227	  0.048693	  0.198164	
  0.235705	  0.164601	  0.066361	  0.533333	
  0.182632	  0.079837	  0.301116	  0.436414	
  0.280662	  0.390486	  0.085440	  0.243412	
  0.524839	  0.080903	  0.096006	  0.298252	

