MEME version 4

ALPHABET= ACGT

strands: + -

A 0.25000 C 0.25000 G 0.25000 T 0.25000 

MOTIF	Hoxa9_2622.2_uniprobe
letter-probability matrix: alength= 4 w= 17 nsites= 20 E= 0
  0.386110	  0.122124	  0.336396	  0.155370	
  0.214951	  0.503652	  0.200027	  0.081370	
  0.227199	  0.070231	  0.558705	  0.143864	
  0.087364	  0.155173	  0.659970	  0.097493	
  0.088468	  0.597073	  0.010847	  0.303611	
  0.237567	  0.630916	  0.020446	  0.111071	
  0.883692	  0.003551	  0.103622	  0.009135	
  0.022994	  0.004161	  0.003712	  0.969134	
  0.630635	  0.007085	  0.003697	  0.358584	
  0.954551	  0.003419	  0.003818	  0.038212	
  0.932582	  0.012322	  0.005304	  0.049792	
  0.758713	  0.022612	  0.031347	  0.187327	
  0.320450	  0.163437	  0.062031	  0.454082	
  0.174953	  0.127720	  0.167458	  0.529870	
  0.511837	  0.131729	  0.146649	  0.209785	
  0.382191	  0.090904	  0.276475	  0.250430	
  0.383323	  0.080173	  0.111038	  0.425465	

