MEME version 4

ALPHABET= ACGT

strands: + -

A 0.25000 C 0.25000 G 0.25000 T 0.25000 

MOTIF	Hoxb13_3479.1_uniprobe
letter-probability matrix: alength= 4 w= 16 nsites= 20 E= 0
  0.376100	  0.272625	  0.202253	  0.149021	
  0.479072	  0.116315	  0.274952	  0.129661	
  0.297412	  0.328646	  0.182054	  0.191889	
  0.052067	  0.771717	  0.088083	  0.088133	
  0.018222	  0.666056	  0.006952	  0.308770	
  0.755568	  0.122362	  0.001339	  0.120731	
  0.915413	  0.001023	  0.052340	  0.031225	
  0.002612	  0.028396	  0.000695	  0.968297	
  0.831092	  0.001851	  0.005615	  0.161442	
  0.927869	  0.001839	  0.001169	  0.069123	
  0.967747	  0.009603	  0.002871	  0.019778	
  0.843186	  0.073812	  0.055868	  0.027134	
  0.371084	  0.143031	  0.086222	  0.399662	
  0.264976	  0.212885	  0.118960	  0.403179	
  0.215633	  0.345186	  0.105518	  0.333663	
  0.221910	  0.297212	  0.329310	  0.151568	

