MEME version 4

ALPHABET= ACGT

strands: + -

A 0.25000 C 0.25000 G 0.25000 T 0.25000 

MOTIF	Hoxb7_3953.1_uniprobe
letter-probability matrix: alength= 4 w= 16 nsites= 20 E= 0
  0.095795	  0.289104	  0.453769	  0.161333	
  0.155196	  0.236930	  0.207204	  0.400670	
  0.642441	  0.211507	  0.088075	  0.057977	
  0.092300	  0.223255	  0.394007	  0.290438	
  0.025451	  0.059192	  0.002173	  0.913184	
  0.931037	  0.035211	  0.002920	  0.030832	
  0.964849	  0.005127	  0.004677	  0.025347	
  0.025347	  0.004677	  0.005127	  0.964849	
  0.030832	  0.002920	  0.035211	  0.931037	
  0.913184	  0.002173	  0.059192	  0.025451	
  0.402065	  0.314355	  0.166466	  0.117114	
  0.057977	  0.088075	  0.211507	  0.642441	
  0.102926	  0.085249	  0.557076	  0.254748	
  0.211590	  0.307229	  0.248440	  0.232741	
  0.312863	  0.253992	  0.145558	  0.287587	
  0.448600	  0.132167	  0.286983	  0.132250	

