MEME version 4

ALPHABET= ACGT

strands: + -

A 0.25000 C 0.25000 G 0.25000 T 0.25000 

MOTIF	Hoxb5_3122.2_uniprobe
letter-probability matrix: alength= 4 w= 16 nsites= 20 E= 0
  0.519855	  0.226056	  0.139921	  0.114169	
  0.270805	  0.347521	  0.193242	  0.188431	
  0.169746	  0.085791	  0.648156	  0.096307	
  0.124863	  0.148105	  0.376769	  0.350263	
  0.007732	  0.069768	  0.000873	  0.921627	
  0.904797	  0.086327	  0.004962	  0.003914	
  0.984428	  0.006566	  0.002976	  0.006029	
  0.006029	  0.002976	  0.006566	  0.984428	
  0.003914	  0.004962	  0.086327	  0.904797	
  0.921627	  0.000873	  0.069768	  0.007732	
  0.189293	  0.292570	  0.409589	  0.108548	
  0.096307	  0.648156	  0.085791	  0.169746	
  0.284851	  0.246932	  0.103460	  0.364757	
  0.283475	  0.438817	  0.110037	  0.167671	
  0.678071	  0.045424	  0.141143	  0.135362	
  0.222932	  0.161863	  0.139544	  0.475661	

