MEME version 4

ALPHABET= ACGT

strands: + -

A 0.25000 C 0.25000 G 0.25000 T 0.25000 

MOTIF	Hoxc12_3480.1_uniprobe
letter-probability matrix: alength= 4 w= 17 nsites= 20 E= 0
  0.183093	  0.256705	  0.106645	  0.453557	
  0.293699	  0.196292	  0.123477	  0.386533	
  0.412013	  0.124988	  0.381422	  0.081576	
  0.195091	  0.186106	  0.527371	  0.091431	
  0.152495	  0.041951	  0.802926	  0.002628	
  0.001867	  0.030137	  0.001608	  0.966389	
  0.042259	  0.939178	  0.001204	  0.017359	
  0.130196	  0.001627	  0.865068	  0.003109	
  0.003366	  0.001436	  0.003067	  0.992131	
  0.922191	  0.005824	  0.000528	  0.071457	
  0.973219	  0.001857	  0.001299	  0.023624	
  0.979071	  0.008898	  0.002615	  0.009416	
  0.503130	  0.138484	  0.031998	  0.326389	
  0.337928	  0.242816	  0.070564	  0.348692	
  0.182884	  0.251308	  0.190482	  0.375326	
  0.307728	  0.135074	  0.240871	  0.316326	
  0.189821	  0.425134	  0.167065	  0.217980	

