MEME version 4

ALPHABET= ACGT

strands: + -

A 0.25000 C 0.25000 G 0.25000 T 0.25000 

MOTIF	Hoxc6_3954.2_uniprobe
letter-probability matrix: alength= 4 w= 17 nsites= 20 E= 0
  0.141005	  0.449493	  0.156825	  0.252678	
  0.455858	  0.113781	  0.308929	  0.121431	
  0.477197	  0.168033	  0.129172	  0.225598	
  0.426456	  0.217567	  0.282209	  0.073769	
  0.102862	  0.036664	  0.396710	  0.463765	
  0.028507	  0.088270	  0.006651	  0.876572	
  0.913819	  0.022439	  0.008521	  0.055221	
  0.960448	  0.005999	  0.014099	  0.019454	
  0.019454	  0.014099	  0.005999	  0.960448	
  0.055221	  0.008521	  0.022439	  0.913819	
  0.876572	  0.006651	  0.088270	  0.028507	
  0.463765	  0.396710	  0.036664	  0.102862	
  0.118434	  0.218634	  0.240530	  0.422402	
  0.383597	  0.094339	  0.159853	  0.362211	
  0.460387	  0.156122	  0.231061	  0.152430	
  0.319517	  0.271629	  0.212544	  0.196309	
  0.316985	  0.182398	  0.232158	  0.268459	

