MEME version 4

ALPHABET= ACGT

strands: + -

A 0.25000 C 0.25000 G 0.25000 T 0.25000 

MOTIF	Hoxc8_3429.2_uniprobe
letter-probability matrix: alength= 4 w= 16 nsites= 20 E= 0
  0.207757	  0.224760	  0.242606	  0.324877	
  0.281324	  0.192775	  0.088963	  0.436938	
  0.244120	  0.097112	  0.411478	  0.247291	
  0.315658	  0.098135	  0.358617	  0.227589	
  0.285730	  0.169686	  0.369841	  0.174744	
  0.128507	  0.066146	  0.562148	  0.243199	
  0.010261	  0.077035	  0.002960	  0.909744	
  0.913373	  0.045800	  0.004323	  0.036504	
  0.973569	  0.009101	  0.004269	  0.013060	
  0.013060	  0.004269	  0.009101	  0.973569	
  0.036504	  0.004323	  0.045800	  0.913373	
  0.909744	  0.002960	  0.077035	  0.010261	
  0.348251	  0.333707	  0.038080	  0.279963	
  0.174744	  0.369841	  0.169686	  0.285730	
  0.205631	  0.095734	  0.416805	  0.281830	
  0.087198	  0.156910	  0.166089	  0.589803	

