MEME version 4

ALPHABET= ACGT

strands: + -

A 0.25000 C 0.25000 G 0.25000 T 0.25000 

MOTIF	Hoxc13_3127.1_uniprobe
letter-probability matrix: alength= 4 w= 16 nsites= 20 E= 0
  0.329750	  0.218875	  0.126085	  0.325290	
  0.359529	  0.208886	  0.161839	  0.269746	
  0.422361	  0.147886	  0.154953	  0.274800	
  0.109858	  0.231755	  0.365475	  0.292912	
  0.026731	  0.838331	  0.133884	  0.001054	
  0.001860	  0.034063	  0.001665	  0.962411	
  0.018979	  0.887508	  0.000421	  0.093092	
  0.394654	  0.000419	  0.598992	  0.005935	
  0.001269	  0.017200	  0.000611	  0.980919	
  0.897441	  0.000397	  0.003712	  0.098450	
  0.958993	  0.000593	  0.000873	  0.039541	
  0.981006	  0.004963	  0.001000	  0.013032	
  0.645464	  0.081310	  0.051136	  0.222090	
  0.298300	  0.138406	  0.094463	  0.468832	
  0.158954	  0.229153	  0.156589	  0.455305	
  0.325279	  0.092193	  0.241621	  0.340907	

