MEME version 4

ALPHABET= ACGT

strands: + -

A 0.25000 C 0.25000 G 0.25000 T 0.25000 

MOTIF	Hoxc11_3718.2_uniprobe
letter-probability matrix: alength= 4 w= 16 nsites= 20 E= 0
  0.233269	  0.248491	  0.135443	  0.382797	
  0.530699	  0.117734	  0.196458	  0.155109	
  0.520162	  0.128349	  0.129047	  0.222442	
  0.383288	  0.142763	  0.265367	  0.208581	
  0.082604	  0.036330	  0.879729	  0.001337	
  0.001490	  0.025603	  0.000959	  0.971949	
  0.011271	  0.977559	  0.000430	  0.010739	
  0.234170	  0.001531	  0.762912	  0.001387	
  0.002139	  0.001352	  0.004590	  0.991918	
  0.858371	  0.001955	  0.000717	  0.138958	
  0.981016	  0.000748	  0.001915	  0.016321	
  0.985345	  0.003895	  0.001793	  0.008967	
  0.542364	  0.130700	  0.106606	  0.220330	
  0.222953	  0.268192	  0.191329	  0.317526	
  0.353019	  0.168556	  0.262332	  0.216093	
  0.196584	  0.119005	  0.352701	  0.331710	

