MEME version 4

ALPHABET= ACGT

strands: + -

A 0.25000 C 0.25000 G 0.25000 T 0.25000 

MOTIF	Hoxd12_3481.1_uniprobe
letter-probability matrix: alength= 4 w= 17 nsites= 20 E= 0
  0.191103	  0.352101	  0.107327	  0.349468	
  0.402272	  0.197071	  0.150917	  0.249740	
  0.368769	  0.193398	  0.226932	  0.210901	
  0.257933	  0.260778	  0.380702	  0.100587	
  0.106950	  0.067191	  0.825021	  0.000838	
  0.001086	  0.021564	  0.000853	  0.976497	
  0.020082	  0.968082	  0.000327	  0.011509	
  0.118319	  0.000920	  0.879436	  0.001326	
  0.003172	  0.002130	  0.001866	  0.992832	
  0.922156	  0.002796	  0.000429	  0.074620	
  0.983503	  0.000923	  0.001373	  0.014202	
  0.982158	  0.003892	  0.000954	  0.012996	
  0.575374	  0.149674	  0.027141	  0.247811	
  0.191390	  0.208793	  0.100368	  0.499449	
  0.189094	  0.369025	  0.180904	  0.260976	
  0.265714	  0.203403	  0.179754	  0.351130	
  0.215918	  0.141705	  0.246047	  0.396330	

