MEME version 4

ALPHABET= ACGT

strands: + -

A 0.25000 C 0.25000 G 0.25000 T 0.25000 

MOTIF	Hoxd1_3448.1_uniprobe
letter-probability matrix: alength= 4 w= 17 nsites= 20 E= 0
  0.385364	  0.050629	  0.108745	  0.455263	
  0.463015	  0.155017	  0.281849	  0.100120	
  0.408638	  0.226338	  0.126086	  0.238937	
  0.401822	  0.145391	  0.401477	  0.051310	
  0.040876	  0.453601	  0.210160	  0.295364	
  0.009716	  0.142801	  0.001515	  0.845968	
  0.921606	  0.065097	  0.012338	  0.000959	
  0.985759	  0.003545	  0.002777	  0.007920	
  0.007920	  0.002777	  0.003545	  0.985759	
  0.000959	  0.012338	  0.065097	  0.921606	
  0.845968	  0.001515	  0.142801	  0.009716	
  0.295364	  0.210160	  0.453601	  0.040876	
  0.043951	  0.576929	  0.102300	  0.276820	
  0.067027	  0.083424	  0.185358	  0.664191	
  0.220176	  0.217963	  0.321759	  0.240101	
  0.234708	  0.173211	  0.273286	  0.318795	
  0.319800	  0.200479	  0.184238	  0.295482	

