MEME version 4

ALPHABET= ACGT

strands: + -

A 0.25000 C 0.25000 G 0.25000 T 0.25000 

MOTIF	Hoxd11_3873.1_uniprobe
letter-probability matrix: alength= 4 w= 17 nsites= 20 E= 0
  0.195240	  0.299581	  0.070392	  0.434787	
  0.383232	  0.235789	  0.118316	  0.262663	
  0.433734	  0.150531	  0.233498	  0.182237	
  0.318929	  0.193275	  0.329287	  0.158509	
  0.078189	  0.058494	  0.861977	  0.001340	
  0.001639	  0.021863	  0.001515	  0.974983	
  0.011232	  0.978821	  0.000755	  0.009192	
  0.171564	  0.002240	  0.824311	  0.001885	
  0.003418	  0.002620	  0.003016	  0.990946	
  0.839934	  0.002566	  0.000872	  0.156628	
  0.984574	  0.001197	  0.003120	  0.011109	
  0.979994	  0.007524	  0.001223	  0.011259	
  0.626288	  0.164042	  0.022338	  0.187331	
  0.276342	  0.192595	  0.122578	  0.408484	
  0.228871	  0.351280	  0.153929	  0.265920	
  0.249434	  0.303271	  0.170797	  0.276498	
  0.179262	  0.157831	  0.195784	  0.467122	

