MEME version 4

ALPHABET= ACGT

strands: + -

A 0.25000 C 0.25000 G 0.25000 T 0.25000 

MOTIF	Hoxd13_2356.1_uniprobe
letter-probability matrix: alength= 4 w= 16 nsites= 20 E= 0
  0.279189	  0.316791	  0.190404	  0.213616	
  0.297705	  0.175638	  0.191020	  0.335637	
  0.333485	  0.203858	  0.174034	  0.288623	
  0.046444	  0.540349	  0.083237	  0.329969	
  0.016780	  0.648667	  0.003870	  0.330682	
  0.679959	  0.116873	  0.002745	  0.200422	
  0.936496	  0.002013	  0.026876	  0.034615	
  0.004741	  0.008734	  0.003861	  0.982665	
  0.904624	  0.000869	  0.005345	  0.089162	
  0.967883	  0.002295	  0.001003	  0.028819	
  0.980087	  0.004768	  0.002887	  0.012258	
  0.898523	  0.041633	  0.022776	  0.037069	
  0.246903	  0.292446	  0.069240	  0.391411	
  0.192528	  0.300908	  0.105655	  0.400908	
  0.247610	  0.343317	  0.190760	  0.218313	
  0.246702	  0.253595	  0.176298	  0.323404	

