MEME version 4

ALPHABET= ACGT

strands: + -

A 0.25000 C 0.25000 G 0.25000 T 0.25000 

MOTIF	Hoxd10_2368.2_uniprobe
letter-probability matrix: alength= 4 w= 17 nsites= 20 E= 0
  0.405345	  0.293266	  0.220907	  0.080482	
  0.398063	  0.099034	  0.333525	  0.169378	
  0.049753	  0.190411	  0.336789	  0.423048	
  0.243698	  0.226261	  0.324346	  0.205696	
  0.030873	  0.549741	  0.008321	  0.411065	
  0.714225	  0.228092	  0.020960	  0.036723	
  0.833992	  0.010944	  0.021918	  0.133146	
  0.008898	  0.026169	  0.008341	  0.956591	
  0.811684	  0.004889	  0.004751	  0.178676	
  0.952107	  0.004322	  0.004587	  0.038984	
  0.925365	  0.008360	  0.006811	  0.059464	
  0.850659	  0.058250	  0.065237	  0.025855	
  0.193369	  0.242985	  0.049515	  0.514131	
  0.266774	  0.080601	  0.239781	  0.412844	
  0.335522	  0.125500	  0.188170	  0.350809	
  0.407171	  0.120540	  0.187300	  0.284989	
  0.281181	  0.242348	  0.160247	  0.316224	

