MEME version 4

ALPHABET= ACGT

strands: + -

A 0.25000 C 0.25000 G 0.25000 T 0.25000 

MOTIF	Ipf1_3815.1_uniprobe
letter-probability matrix: alength= 4 w= 16 nsites= 20 E= 0
  0.377160	  0.294455	  0.195542	  0.132843	
  0.345024	  0.245434	  0.206255	  0.203287	
  0.377815	  0.068916	  0.462616	  0.090653	
  0.082536	  0.272284	  0.472947	  0.172232	
  0.008690	  0.088026	  0.001070	  0.902214	
  0.889720	  0.098537	  0.009070	  0.002673	
  0.977997	  0.008997	  0.001191	  0.011815	
  0.011815	  0.001191	  0.008997	  0.977997	
  0.002673	  0.009070	  0.098537	  0.889720	
  0.902214	  0.001070	  0.088026	  0.008690	
  0.117308	  0.205678	  0.570198	  0.106816	
  0.090653	  0.462616	  0.068916	  0.377815	
  0.343391	  0.201134	  0.074990	  0.380485	
  0.171490	  0.503220	  0.190678	  0.134612	
  0.686087	  0.028458	  0.142727	  0.142727	
  0.223026	  0.183811	  0.230863	  0.362300	

