MEME version 4

ALPHABET= ACGT

strands: + -

A 0.25000 C 0.25000 G 0.25000 T 0.25000 

MOTIF	IRC900814_secondary_uniprobe
letter-probability matrix: alength= 4 w= 16 nsites= 20 E= 0
  0.496667	  0.104078	  0.236214	  0.163040	
  0.082033	  0.304370	  0.165033	  0.448563	
  0.151355	  0.178363	  0.427593	  0.242688	
  0.233976	  0.129049	  0.431345	  0.205630	
  0.745700	  0.024877	  0.173506	  0.055917	
  0.913518	  0.016737	  0.065383	  0.004362	
  0.908346	  0.057910	  0.006260	  0.027484	
  0.037556	  0.039978	  0.546704	  0.375762	
  0.022492	  0.073068	  0.007422	  0.897018	
  0.005021	  0.974013	  0.005829	  0.015137	
  0.008583	  0.003647	  0.977841	  0.009929	
  0.015630	  0.031426	  0.030439	  0.922505	
  0.510811	  0.071262	  0.345999	  0.071929	
  0.624553	  0.086427	  0.143753	  0.145267	
  0.507455	  0.188138	  0.198382	  0.106025	
  0.496227	  0.137735	  0.132523	  0.233515	

