MEME version 4

ALPHABET= ACGT

strands: + -

A 0.25000 C 0.25000 G 0.25000 T 0.25000 

MOTIF	Irf3_secondary_uniprobe
letter-probability matrix: alength= 4 w= 14 nsites= 20 E= 0
  0.236565	  0.149020	  0.414811	  0.199604	
  0.197737	  0.139048	  0.436764	  0.226451	
  0.598309	  0.089963	  0.124245	  0.187483	
  0.212136	  0.055296	  0.648272	  0.084296	
  0.747144	  0.027184	  0.047789	  0.177884	
  0.766825	  0.051238	  0.039008	  0.142929	
  0.479462	  0.085743	  0.175517	  0.259279	
  0.064625	  0.107366	  0.753079	  0.074929	
  0.058034	  0.074096	  0.820937	  0.046934	
  0.270072	  0.088714	  0.217158	  0.424057	
  0.063867	  0.384543	  0.418514	  0.133076	
  0.047352	  0.597210	  0.167770	  0.187669	
  0.266737	  0.150063	  0.382264	  0.200936	
  0.381079	  0.204427	  0.218492	  0.196003	

