MEME version 4

ALPHABET= ACGT

strands: + -

A 0.25000 C 0.25000 G 0.25000 T 0.25000 

MOTIF	Irf3_primary_uniprobe
letter-probability matrix: alength= 4 w= 14 nsites= 20 E= 0
  0.176409	  0.242440	  0.340974	  0.240176	
  0.502020	  0.099309	  0.238482	  0.160189	
  0.442555	  0.024465	  0.491527	  0.041453	
  0.761212	  0.024323	  0.087556	  0.126909	
  0.805275	  0.032050	  0.023001	  0.139674	
  0.306986	  0.318922	  0.104691	  0.269402	
  0.045661	  0.483191	  0.430147	  0.041001	
  0.052897	  0.014702	  0.925452	  0.006949	
  0.791052	  0.097640	  0.096544	  0.014764	
  0.849280	  0.023542	  0.011097	  0.116080	
  0.887587	  0.050750	  0.006697	  0.054967	
  0.049712	  0.777475	  0.123540	  0.049273	
  0.099937	  0.395544	  0.090482	  0.414037	
  0.289223	  0.151079	  0.413873	  0.145825	

