MEME version 4

ALPHABET= ACGT

strands: + -

A 0.25000 C 0.25000 G 0.25000 T 0.25000 

MOTIF	Irx2_0900.3_uniprobe
letter-probability matrix: alength= 4 w= 17 nsites= 20 E= 0
  0.394106	  0.081399	  0.100827	  0.423668	
  0.466343	  0.126236	  0.130788	  0.276633	
  0.319347	  0.127772	  0.257087	  0.295794	
  0.406891	  0.139766	  0.252855	  0.200488	
  0.219982	  0.007245	  0.029337	  0.743436	
  0.947280	  0.014984	  0.012651	  0.025086	
  0.003955	  0.974386	  0.007466	  0.014192	
  0.956452	  0.001229	  0.011361	  0.030959	
  0.030959	  0.011361	  0.001229	  0.956452	
  0.014192	  0.007466	  0.974386	  0.003955	
  0.025086	  0.012651	  0.014984	  0.947280	
  0.743436	  0.029337	  0.007245	  0.219982	
  0.404816	  0.174236	  0.206626	  0.214322	
  0.295979	  0.194049	  0.285864	  0.224108	
  0.399608	  0.106063	  0.123706	  0.370623	
  0.176973	  0.196462	  0.269004	  0.357560	
  0.339978	  0.107593	  0.083682	  0.468747	

