MEME version 4

ALPHABET= ACGT

strands: + -

A 0.25000 C 0.25000 G 0.25000 T 0.25000 

MOTIF	Irx3_2226.1_uniprobe
letter-probability matrix: alength= 4 w= 17 nsites= 20 E= 0
  0.402654	  0.107068	  0.157939	  0.332339	
  0.381229	  0.129621	  0.243277	  0.245872	
  0.271699	  0.148903	  0.261472	  0.317925	
  0.278393	  0.239730	  0.235045	  0.246831	
  0.223980	  0.006073	  0.031227	  0.738720	
  0.952925	  0.013731	  0.008900	  0.024444	
  0.005380	  0.972117	  0.004335	  0.018169	
  0.945295	  0.001062	  0.011429	  0.042214	
  0.042214	  0.011429	  0.001062	  0.945295	
  0.018169	  0.004335	  0.972117	  0.005380	
  0.024444	  0.008900	  0.013731	  0.952925	
  0.738720	  0.031227	  0.006073	  0.223980	
  0.449438	  0.199271	  0.196335	  0.154956	
  0.266542	  0.085070	  0.155050	  0.493338	
  0.412619	  0.114771	  0.151818	  0.320792	
  0.175351	  0.270485	  0.162372	  0.391791	
  0.355721	  0.130415	  0.156633	  0.357231	

