MEME version 4

ALPHABET= ACGT

strands: + -

A 0.25000 C 0.25000 G 0.25000 T 0.25000 

MOTIF	Irx5_2385.1_uniprobe
letter-probability matrix: alength= 4 w= 17 nsites= 20 E= 0
  0.367463	  0.110357	  0.154650	  0.367530	
  0.435675	  0.104106	  0.185653	  0.274566	
  0.309411	  0.166534	  0.199426	  0.324629	
  0.330171	  0.218393	  0.207727	  0.243708	
  0.326575	  0.006155	  0.067531	  0.599738	
  0.934344	  0.018417	  0.011430	  0.035810	
  0.004941	  0.961788	  0.005465	  0.027806	
  0.940152	  0.001107	  0.011177	  0.047564	
  0.047564	  0.011177	  0.001107	  0.940152	
  0.027806	  0.005465	  0.961788	  0.004941	
  0.035810	  0.011430	  0.018417	  0.934344	
  0.599738	  0.067531	  0.006155	  0.326575	
  0.348557	  0.239288	  0.195868	  0.216288	
  0.376605	  0.112652	  0.210787	  0.299957	
  0.540552	  0.074408	  0.115847	  0.269192	
  0.210439	  0.212707	  0.245294	  0.331559	
  0.303891	  0.113735	  0.133741	  0.448633	

