MEME version 4

ALPHABET= ACGT

strands: + -

A 0.25000 C 0.25000 G 0.25000 T 0.25000 

MOTIF	Irx6_2623.2_uniprobe
letter-probability matrix: alength= 4 w= 17 nsites= 20 E= 0
  0.356323	  0.182245	  0.120162	  0.341271	
  0.540549	  0.133347	  0.119342	  0.206762	
  0.401575	  0.161837	  0.116292	  0.320296	
  0.311151	  0.164568	  0.283941	  0.240340	
  0.198376	  0.006596	  0.030801	  0.764227	
  0.947120	  0.014182	  0.010382	  0.028316	
  0.006934	  0.957983	  0.007710	  0.027373	
  0.947314	  0.001874	  0.016190	  0.034622	
  0.034622	  0.016190	  0.001874	  0.947314	
  0.027373	  0.007710	  0.957983	  0.006934	
  0.028316	  0.010382	  0.014182	  0.947120	
  0.764227	  0.030801	  0.006596	  0.198376	
  0.372950	  0.265937	  0.182203	  0.178910	
  0.399793	  0.101871	  0.214477	  0.283859	
  0.478414	  0.110202	  0.114534	  0.296850	
  0.317990	  0.215498	  0.212041	  0.254471	
  0.131398	  0.063397	  0.070049	  0.735156	

