MEME version 4

ALPHABET= ACGT

strands: + -

A 0.25000 C 0.25000 G 0.25000 T 0.25000 

MOTIF	Isgf3g_primary_uniprobe
letter-probability matrix: alength= 4 w= 15 nsites= 20 E= 0
  0.276786	  0.305435	  0.213026	  0.204753	
  0.396362	  0.114731	  0.248667	  0.240240	
  0.461284	  0.092047	  0.334734	  0.111936	
  0.775091	  0.019703	  0.057075	  0.148131	
  0.860742	  0.032827	  0.020878	  0.085553	
  0.318035	  0.134940	  0.114054	  0.432971	
  0.031989	  0.819436	  0.031529	  0.117045	
  0.038741	  0.005309	  0.945956	  0.009995	
  0.961581	  0.018494	  0.013401	  0.006524	
  0.943392	  0.004223	  0.007869	  0.044516	
  0.964748	  0.010789	  0.003727	  0.020735	
  0.029401	  0.875794	  0.079869	  0.014937	
  0.034572	  0.294928	  0.012201	  0.658299	
  0.370121	  0.165750	  0.227886	  0.236243	
  0.803710	  0.072510	  0.054519	  0.069261	

