MEME version 4

ALPHABET= ACGT

strands: + -

A 0.25000 C 0.25000 G 0.25000 T 0.25000 

MOTIF	Isx_3445.1_uniprobe
letter-probability matrix: alength= 4 w= 16 nsites= 20 E= 0
  0.344920	  0.257040	  0.121610	  0.276430	
  0.269685	  0.307877	  0.219909	  0.202529	
  0.198603	  0.275958	  0.198026	  0.327413	
  0.299999	  0.309362	  0.271654	  0.118984	
  0.038808	  0.864075	  0.013462	  0.083655	
  0.002114	  0.394151	  0.001279	  0.602456	
  0.985496	  0.006685	  0.002656	  0.005163	
  0.986868	  0.002774	  0.003601	  0.006758	
  0.006758	  0.003601	  0.002774	  0.986868	
  0.005163	  0.002656	  0.006685	  0.985496	
  0.602456	  0.001279	  0.394151	  0.002114	
  0.083655	  0.013462	  0.864075	  0.038808	
  0.117493	  0.211132	  0.327637	  0.343737	
  0.141841	  0.295701	  0.283112	  0.279347	
  0.164822	  0.224239	  0.472138	  0.138801	
  0.324431	  0.103223	  0.166108	  0.406239	

