MEME version 4

ALPHABET= ACGT

strands: + -

A 0.25000 C 0.25000 G 0.25000 T 0.25000 

MOTIF	Jundm2_primary_uniprobe
letter-probability matrix: alength= 4 w= 16 nsites= 20 E= 0
  0.213023	  0.312553	  0.241727	  0.232696	
  0.126878	  0.453780	  0.251405	  0.167937	
  0.127927	  0.138541	  0.528637	  0.204895	
  0.572671	  0.136079	  0.242107	  0.049142	
  0.004569	  0.015235	  0.003215	  0.976981	
  0.004594	  0.008024	  0.836426	  0.150956	
  0.966548	  0.003255	  0.009947	  0.020250	
  0.001636	  0.899650	  0.004880	  0.093834	
  0.093834	  0.004880	  0.899650	  0.001636	
  0.020250	  0.009947	  0.003255	  0.966548	
  0.150956	  0.836426	  0.008024	  0.004594	
  0.976981	  0.003215	  0.015235	  0.004569	
  0.006508	  0.324308	  0.040126	  0.629058	
  0.170728	  0.554933	  0.116757	  0.157582	
  0.255966	  0.170983	  0.430910	  0.142142	
  0.228601	  0.267456	  0.166199	  0.337744	

