MEME version 4

ALPHABET= ACGT

strands: + -

A 0.25000 C 0.25000 G 0.25000 T 0.25000 

MOTIF	Klf7_secondary_uniprobe
letter-probability matrix: alength= 4 w= 17 nsites= 20 E= 0
  0.386646	  0.259902	  0.253791	  0.099661	
  0.421388	  0.207885	  0.231243	  0.139483	
  0.257377	  0.193145	  0.314893	  0.234586	
  0.061783	  0.371675	  0.214607	  0.351935	
  0.610889	  0.007047	  0.106287	  0.275777	
  0.181496	  0.007153	  0.071824	  0.739527	
  0.759998	  0.222078	  0.005710	  0.012214	
  0.003816	  0.977244	  0.004175	  0.014765	
  0.037124	  0.002582	  0.946042	  0.014252	
  0.009124	  0.982167	  0.005065	  0.003644	
  0.007023	  0.980091	  0.008044	  0.004842	
  0.005328	  0.930742	  0.002828	  0.061102	
  0.389804	  0.299794	  0.050877	  0.259525	
  0.507764	  0.121280	  0.163196	  0.207759	
  0.296269	  0.307462	  0.196230	  0.200039	
  0.301339	  0.231088	  0.150226	  0.317347	
  0.185149	  0.176068	  0.292944	  0.345838	

