MEME version 4

ALPHABET= ACGT

strands: + -

A 0.25000 C 0.25000 G 0.25000 T 0.25000 

MOTIF	Lbx2_3869.2_uniprobe
letter-probability matrix: alength= 4 w= 17 nsites= 20 E= 0
  0.235355	  0.056968	  0.056481	  0.651196	
  0.224915	  0.243344	  0.442425	  0.089316	
  0.306840	  0.344346	  0.138206	  0.210609	
  0.385576	  0.215437	  0.185937	  0.213051	
  0.034065	  0.397936	  0.014053	  0.553946	
  0.007823	  0.284358	  0.001380	  0.706439	
  0.954157	  0.014098	  0.008966	  0.022778	
  0.967321	  0.005815	  0.024384	  0.002480	
  0.002480	  0.024384	  0.005815	  0.967321	
  0.022778	  0.008966	  0.014098	  0.954157	
  0.706439	  0.001380	  0.284358	  0.007823	
  0.553946	  0.014053	  0.397936	  0.034065	
  0.125228	  0.303638	  0.133103	  0.438031	
  0.146579	  0.239825	  0.334271	  0.279325	
  0.139720	  0.392839	  0.379115	  0.088326	
  0.345152	  0.097203	  0.364191	  0.193454	
  0.403538	  0.190019	  0.263441	  0.143001	

