MEME version 4

ALPHABET= ACGT

strands: + -

A 0.25000 C 0.25000 G 0.25000 T 0.25000 

MOTIF	Lef1_primary_uniprobe
letter-probability matrix: alength= 4 w= 17 nsites= 20 E= 0
  0.281920	  0.214207	  0.278077	  0.225796	
  0.325566	  0.151435	  0.298797	  0.224202	
  0.290253	  0.145824	  0.243443	  0.320480	
  0.069286	  0.404645	  0.141614	  0.384454	
  0.070044	  0.621448	  0.142647	  0.165862	
  0.007295	  0.907657	  0.038110	  0.046938	
  0.015587	  0.018273	  0.000658	  0.965482	
  0.005527	  0.005886	  0.001905	  0.986682	
  0.024512	  0.001189	  0.001344	  0.972955	
  0.007384	  0.025221	  0.952270	  0.015125	
  0.966438	  0.000630	  0.002693	  0.030239	
  0.082252	  0.001173	  0.001495	  0.915080	
  0.030255	  0.677155	  0.275323	  0.017267	
  0.199467	  0.118815	  0.056814	  0.624905	
  0.345445	  0.169597	  0.216831	  0.268127	
  0.278106	  0.150864	  0.173693	  0.397336	
  0.251834	  0.339733	  0.219703	  0.188730	

