MEME version 4

ALPHABET= ACGT

strands: + -

A 0.25000 C 0.25000 G 0.25000 T 0.25000 

MOTIF	Lhx6_3432.1_uniprobe
letter-probability matrix: alength= 4 w= 17 nsites= 20 E= 0
  0.309277	  0.065885	  0.061964	  0.562874	
  0.314923	  0.502967	  0.104359	  0.077751	
  0.236513	  0.316618	  0.206033	  0.240836	
  0.328202	  0.240695	  0.323270	  0.107833	
  0.036723	  0.719108	  0.034876	  0.209293	
  0.006552	  0.152291	  0.000689	  0.840468	
  0.808706	  0.011968	  0.178924	  0.000403	
  0.985835	  0.004732	  0.007884	  0.001549	
  0.001549	  0.007884	  0.004732	  0.985835	
  0.000403	  0.178924	  0.011968	  0.808706	
  0.840468	  0.000689	  0.152291	  0.006552	
  0.209293	  0.034876	  0.719108	  0.036723	
  0.072261	  0.672993	  0.101230	  0.153517	
  0.158855	  0.122577	  0.516562	  0.202006	
  0.217780	  0.179201	  0.388055	  0.214964	
  0.294586	  0.122783	  0.215861	  0.366770	
  0.153341	  0.222693	  0.297698	  0.326268	

