MEME version 4

ALPHABET= ACGT

strands: + -

A 0.25000 C 0.25000 G 0.25000 T 0.25000 

MOTIF	Lhx6_2272.1_uniprobe
letter-probability matrix: alength= 4 w= 17 nsites= 20 E= 0
  0.157158	  0.312330	  0.375784	  0.154727	
  0.397635	  0.119490	  0.150254	  0.332621	
  0.284782	  0.190342	  0.341286	  0.183589	
  0.235890	  0.557809	  0.085063	  0.121238	
  0.306736	  0.109204	  0.528696	  0.055364	
  0.057397	  0.460112	  0.015303	  0.467189	
  0.006683	  0.117450	  0.000536	  0.875331	
  0.829705	  0.009940	  0.159946	  0.000409	
  0.984955	  0.002790	  0.009709	  0.002546	
  0.002546	  0.009709	  0.002790	  0.984955	
  0.000409	  0.159946	  0.009940	  0.829705	
  0.875331	  0.000536	  0.117450	  0.006683	
  0.467189	  0.015303	  0.460112	  0.057397	
  0.105781	  0.128245	  0.269596	  0.496378	
  0.222768	  0.109290	  0.407874	  0.260067	
  0.062234	  0.282896	  0.218622	  0.436248	
  0.521383	  0.103358	  0.064206	  0.311053	

