MEME version 4

ALPHABET= ACGT

strands: + -

A 0.25000 C 0.25000 G 0.25000 T 0.25000 

MOTIF	Lhx8_2247.2_uniprobe
letter-probability matrix: alength= 4 w= 17 nsites= 20 E= 0
  0.381182	  0.203863	  0.138419	  0.276536	
  0.273032	  0.443086	  0.157555	  0.126328	
  0.332245	  0.358200	  0.167187	  0.142367	
  0.288841	  0.389156	  0.252732	  0.069272	
  0.059714	  0.852529	  0.049374	  0.038383	
  0.005876	  0.170371	  0.000610	  0.823143	
  0.857806	  0.014120	  0.127763	  0.000311	
  0.983730	  0.004111	  0.010338	  0.001820	
  0.001820	  0.010338	  0.004111	  0.983730	
  0.000311	  0.127763	  0.014120	  0.857806	
  0.823143	  0.000610	  0.170371	  0.005876	
  0.038383	  0.049374	  0.852529	  0.059714	
  0.022729	  0.729173	  0.090200	  0.157898	
  0.139768	  0.120744	  0.492473	  0.247016	
  0.148964	  0.118692	  0.499320	  0.233024	
  0.076316	  0.185770	  0.195892	  0.542022	
  0.181038	  0.136132	  0.512805	  0.170024	

