MEME version 4

ALPHABET= ACGT

strands: + -

A 0.25000 C 0.25000 G 0.25000 T 0.25000 

MOTIF	Lmx1b_3433.2_uniprobe
letter-probability matrix: alength= 4 w= 17 nsites= 20 E= 0
  0.336931	  0.220707	  0.306671	  0.135692	
  0.251068	  0.126246	  0.394767	  0.227919	
  0.318914	  0.086872	  0.150663	  0.443551	
  0.368649	  0.051170	  0.092361	  0.487819	
  0.359682	  0.088506	  0.064771	  0.487041	
  0.019535	  0.162692	  0.015925	  0.801848	
  0.015902	  0.024224	  0.000652	  0.959222	
  0.974698	  0.006086	  0.002334	  0.016882	
  0.978085	  0.001281	  0.005421	  0.015214	
  0.015214	  0.005421	  0.001281	  0.978085	
  0.016882	  0.002334	  0.006086	  0.974698	
  0.959222	  0.000652	  0.024224	  0.015902	
  0.801848	  0.015925	  0.162692	  0.019535	
  0.242323	  0.115688	  0.116364	  0.525625	
  0.283782	  0.097563	  0.188384	  0.430271	
  0.252386	  0.255982	  0.135946	  0.355686	
  0.141430	  0.249462	  0.350759	  0.258349	

