MEME version 4

ALPHABET= ACGT

strands: + -

A 0.25000 C 0.25000 G 0.25000 T 0.25000 

MOTIF	Mafb_primary_uniprobe
letter-probability matrix: alength= 4 w= 17 nsites= 20 E= 0
  0.420301	  0.182299	  0.161481	  0.235919	
  0.593201	  0.055751	  0.202477	  0.148571	
  0.653364	  0.017008	  0.054630	  0.274998	
  0.339176	  0.102943	  0.050258	  0.507622	
  0.171557	  0.078698	  0.267471	  0.482273	
  0.044703	  0.033212	  0.003920	  0.918165	
  0.010333	  0.004451	  0.972441	  0.012775	
  0.034026	  0.949298	  0.004788	  0.011889	
  0.016078	  0.008878	  0.004007	  0.971037	
  0.020331	  0.004077	  0.929676	  0.045916	
  0.975739	  0.007450	  0.005991	  0.010819	
  0.012733	  0.887375	  0.018700	  0.081192	
  0.259981	  0.111885	  0.243051	  0.385083	
  0.327677	  0.149969	  0.094895	  0.427459	
  0.541721	  0.105923	  0.242224	  0.110132	
  0.258689	  0.068305	  0.493226	  0.179779	
  0.306041	  0.306854	  0.168308	  0.218798	

