MEME version 4

ALPHABET= ACGT

strands: + -

A 0.25000 C 0.25000 G 0.25000 T 0.25000 

MOTIF	Mafk_primary_uniprobe
letter-probability matrix: alength= 4 w= 15 nsites= 20 E= 0
  0.245931	  0.193118	  0.199428	  0.361523	
  0.489106	  0.078574	  0.157014	  0.275306	
  0.744659	  0.025715	  0.102440	  0.127186	
  0.677561	  0.030532	  0.064134	  0.227772	
  0.621949	  0.037389	  0.034818	  0.305844	
  0.394828	  0.100590	  0.123295	  0.381287	
  0.040491	  0.082155	  0.007425	  0.869929	
  0.023425	  0.010118	  0.934562	  0.031895	
  0.108761	  0.847231	  0.005930	  0.038078	
  0.049587	  0.025925	  0.010216	  0.914271	
  0.048851	  0.008289	  0.821725	  0.121135	
  0.919694	  0.018019	  0.017253	  0.045033	
  0.013536	  0.716811	  0.037362	  0.232291	
  0.148097	  0.100721	  0.092846	  0.658336	
  0.185674	  0.220883	  0.168608	  0.424835	

