MEME version 4

ALPHABET= ACGT

strands: + -

A 0.25000 C 0.25000 G 0.25000 T 0.25000 

MOTIF	Mafk_secondary_uniprobe
letter-probability matrix: alength= 4 w= 15 nsites= 20 E= 0
  0.289934	  0.244974	  0.342021	  0.123071	
  0.317105	  0.250774	  0.206169	  0.225952	
  0.589909	  0.146264	  0.176464	  0.087364	
  0.805648	  0.031025	  0.116712	  0.046614	
  0.859239	  0.012630	  0.068740	  0.059391	
  0.877855	  0.017270	  0.013520	  0.091354	
  0.822443	  0.051458	  0.029433	  0.096666	
  0.175032	  0.076822	  0.256419	  0.491726	
  0.028231	  0.131221	  0.031440	  0.809107	
  0.050608	  0.039418	  0.847824	  0.062150	
  0.041983	  0.868232	  0.042708	  0.047077	
  0.757931	  0.111841	  0.090214	  0.040013	
  0.451956	  0.283644	  0.033652	  0.230747	
  0.058765	  0.285975	  0.414514	  0.240747	
  0.391919	  0.133805	  0.407813	  0.066464	

