MEME version 4

ALPHABET= ACGT

strands: + -

A 0.25000 C 0.25000 G 0.25000 T 0.25000 

MOTIF	Max_primary_uniprobe
letter-probability matrix: alength= 4 w= 16 nsites= 20 E= 0
  0.234855	  0.152539	  0.301720	  0.310886	
  0.199226	  0.147959	  0.439250	  0.213565	
  0.582926	  0.274768	  0.075866	  0.066440	
  0.138829	  0.475428	  0.305884	  0.079859	
  0.024979	  0.969691	  0.001811	  0.003520	
  0.966345	  0.003728	  0.022320	  0.007607	
  0.000598	  0.907006	  0.008160	  0.084236	
  0.084236	  0.008160	  0.907006	  0.000598	
  0.007607	  0.022320	  0.003728	  0.966345	
  0.003520	  0.001811	  0.969691	  0.024979	
  0.149140	  0.241218	  0.389598	  0.220044	
  0.066440	  0.075866	  0.274768	  0.582926	
  0.186990	  0.346199	  0.250066	  0.216745	
  0.273437	  0.225889	  0.300738	  0.199936	
  0.160893	  0.111177	  0.477963	  0.249968	
  0.171790	  0.101256	  0.424580	  0.302375	

