MEME version 4

ALPHABET= ACGT

strands: + -

A 0.25000 C 0.25000 G 0.25000 T 0.25000 

MOTIF	Max_secondary_uniprobe
letter-probability matrix: alength= 4 w= 14 nsites= 20 E= 0
  0.127991	  0.202889	  0.399822	  0.269298	
  0.156940	  0.244015	  0.182364	  0.416681	
  0.046494	  0.050598	  0.744311	  0.158596	
  0.196142	  0.365183	  0.183389	  0.255286	
  0.019306	  0.946805	  0.015210	  0.018680	
  0.924839	  0.022113	  0.027620	  0.025428	
  0.007478	  0.672138	  0.027789	  0.292595	
  0.046702	  0.026044	  0.906146	  0.021107	
  0.117335	  0.610863	  0.025132	  0.246670	
  0.044431	  0.053581	  0.722748	  0.179240	
  0.543713	  0.149809	  0.190030	  0.116447	
  0.241148	  0.722386	  0.022547	  0.013919	
  0.265412	  0.113032	  0.270602	  0.350954	
  0.226186	  0.143504	  0.332746	  0.297564	

