MEME version 4

ALPHABET= ACGT

strands: + -

A 0.25000 C 0.25000 G 0.25000 T 0.25000 

MOTIF	Meis1_2335.1_uniprobe
letter-probability matrix: alength= 4 w= 16 nsites= 20 E= 0
  0.432115	  0.114994	  0.130835	  0.322056	
  0.508081	  0.060822	  0.214256	  0.216841	
  0.225875	  0.276028	  0.280982	  0.217115	
  0.092373	  0.286687	  0.360933	  0.260007	
  0.947172	  0.005937	  0.028595	  0.018297	
  0.027829	  0.439935	  0.505051	  0.027185	
  0.023801	  0.963424	  0.008205	  0.004571	
  0.001548	  0.018215	  0.000406	  0.979831	
  0.008422	  0.001124	  0.989007	  0.001446	
  0.025343	  0.004094	  0.000241	  0.970323	
  0.001451	  0.992789	  0.002037	  0.003724	
  0.991202	  0.001638	  0.003159	  0.004002	
  0.695910	  0.022145	  0.013657	  0.268288	
  0.357895	  0.090931	  0.093796	  0.457378	
  0.453163	  0.204395	  0.181067	  0.161376	
  0.200615	  0.393437	  0.171398	  0.234551	

