MEME version 4

ALPHABET= ACGT

strands: + -

A 0.25000 C 0.25000 G 0.25000 T 0.25000 

MOTIF	Myb_primary_uniprobe
letter-probability matrix: alength= 4 w= 17 nsites= 20 E= 0
  0.328645	  0.216829	  0.175041	  0.279486	
  0.206917	  0.095182	  0.203533	  0.494368	
  0.222004	  0.148675	  0.347360	  0.281962	
  0.261099	  0.154556	  0.318840	  0.265505	
  0.377807	  0.263226	  0.136863	  0.222105	
  0.760794	  0.008750	  0.150250	  0.080207	
  0.825640	  0.005474	  0.090464	  0.078422	
  0.026327	  0.960952	  0.000707	  0.012015	
  0.006831	  0.825142	  0.158264	  0.009762	
  0.003618	  0.003083	  0.991947	  0.001351	
  0.005535	  0.009490	  0.008936	  0.976039	
  0.014230	  0.225407	  0.002645	  0.757718	
  0.683148	  0.019522	  0.184293	  0.113036	
  0.312491	  0.189333	  0.105503	  0.392673	
  0.330394	  0.234925	  0.083817	  0.350864	
  0.290215	  0.302656	  0.081892	  0.325237	
  0.235445	  0.214519	  0.215223	  0.334814	

