MEME version 4

ALPHABET= ACGT

strands: + -

A 0.25000 C 0.25000 G 0.25000 T 0.25000 

MOTIF	Myb_secondary_uniprobe
letter-probability matrix: alength= 4 w= 16 nsites= 20 E= 0
  0.205499	  0.277575	  0.259453	  0.257473	
  0.195121	  0.188791	  0.391777	  0.224311	
  0.514704	  0.191753	  0.122477	  0.171066	
  0.063609	  0.633099	  0.088173	  0.215120	
  0.125737	  0.620566	  0.012681	  0.241016	
  0.985342	  0.002529	  0.005984	  0.006145	
  0.986092	  0.007796	  0.003341	  0.002771	
  0.004947	  0.985867	  0.004474	  0.004712	
  0.023351	  0.140013	  0.015937	  0.820699	
  0.020749	  0.006802	  0.969227	  0.003223	
  0.150942	  0.638406	  0.020813	  0.189838	
  0.030781	  0.907267	  0.014632	  0.047320	
  0.502947	  0.055027	  0.326515	  0.115511	
  0.204781	  0.281209	  0.218985	  0.295024	
  0.191705	  0.247567	  0.338912	  0.221816	
  0.224641	  0.309544	  0.218985	  0.246831	

