MEME version 4

ALPHABET= ACGT

strands: + -

A 0.25000 C 0.25000 G 0.25000 T 0.25000 

MOTIF	Mybl1_secondary_uniprobe
letter-probability matrix: alength= 4 w= 15 nsites= 20 E= 0
  0.205989	  0.268359	  0.263479	  0.262174	
  0.149858	  0.330201	  0.339741	  0.180201	
  0.440045	  0.213697	  0.179742	  0.166516	
  0.055722	  0.767204	  0.049077	  0.127997	
  0.060389	  0.768239	  0.011175	  0.160197	
  0.980265	  0.008906	  0.004964	  0.005865	
  0.976251	  0.015501	  0.004122	  0.004126	
  0.006449	  0.982888	  0.005200	  0.005463	
  0.025776	  0.139679	  0.048415	  0.786131	
  0.009775	  0.008352	  0.975178	  0.006695	
  0.187590	  0.568007	  0.036604	  0.207799	
  0.108890	  0.808175	  0.017705	  0.065231	
  0.242101	  0.097932	  0.555551	  0.104417	
  0.281058	  0.212523	  0.104136	  0.402283	
  0.150908	  0.188201	  0.411156	  0.249734	

