MEME version 4

ALPHABET= ACGT

strands: + -

A 0.25000 C 0.25000 G 0.25000 T 0.25000 

MOTIF	Myf6_primary_uniprobe
letter-probability matrix: alength= 4 w= 16 nsites= 20 E= 0
  0.249543	  0.203739	  0.394131	  0.152587	
  0.349361	  0.204136	  0.321767	  0.124736	
  0.386930	  0.174655	  0.250284	  0.188131	
  0.173937	  0.233501	  0.412360	  0.180201	
  0.663624	  0.037653	  0.264216	  0.034507	
  0.717265	  0.040761	  0.206656	  0.035318	
  0.004176	  0.985948	  0.003219	  0.006657	
  0.967612	  0.005543	  0.008604	  0.018241	
  0.080781	  0.089857	  0.746009	  0.083354	
  0.019831	  0.270961	  0.409808	  0.299401	
  0.019877	  0.026996	  0.014022	  0.939105	
  0.005169	  0.007980	  0.978334	  0.008518	
  0.115710	  0.200514	  0.226485	  0.457291	
  0.032392	  0.527196	  0.128372	  0.312041	
  0.202049	  0.384912	  0.106488	  0.306551	
  0.181994	  0.192975	  0.425582	  0.199448	

