MEME version 4

ALPHABET= ACGT

strands: + -

A 0.25000 C 0.25000 G 0.25000 T 0.25000 

MOTIF	Myf6_secondary_uniprobe
letter-probability matrix: alength= 4 w= 15 nsites= 20 E= 0
  0.345146	  0.261059	  0.273931	  0.119863	
  0.222137	  0.272923	  0.332024	  0.172916	
  0.269602	  0.278951	  0.245221	  0.206225	
  0.485406	  0.144018	  0.294421	  0.076155	
  0.577731	  0.270563	  0.078955	  0.072752	
  0.070027	  0.750816	  0.062819	  0.116339	
  0.685018	  0.105175	  0.137110	  0.072697	
  0.162574	  0.071041	  0.638464	  0.127921	
  0.343240	  0.389633	  0.206226	  0.060900	
  0.080169	  0.790323	  0.114211	  0.015297	
  0.167035	  0.201642	  0.462780	  0.168543	
  0.114383	  0.664317	  0.166143	  0.055157	
  0.392143	  0.114475	  0.340085	  0.153298	
  0.208147	  0.577473	  0.142694	  0.071686	
  0.168632	  0.563135	  0.066181	  0.202052	

