MEME version 4

ALPHABET= ACGT

strands: + -

A 0.25000 C 0.25000 G 0.25000 T 0.25000 

MOTIF	Nkx1-2_3214.1_uniprobe
letter-probability matrix: alength= 4 w= 17 nsites= 20 E= 0
  0.256795	  0.158815	  0.296578	  0.287812	
  0.185419	  0.158897	  0.228921	  0.426763	
  0.121736	  0.245827	  0.352106	  0.280331	
  0.195379	  0.495024	  0.182413	  0.127184	
  0.480150	  0.065294	  0.397364	  0.057191	
  0.108386	  0.467030	  0.070701	  0.353883	
  0.015097	  0.299127	  0.001480	  0.684296	
  0.934145	  0.059529	  0.001448	  0.004878	
  0.959366	  0.001747	  0.001148	  0.037740	
  0.037740	  0.001148	  0.001747	  0.959366	
  0.004878	  0.001448	  0.059529	  0.934145	
  0.684296	  0.001480	  0.299127	  0.015097	
  0.353883	  0.070701	  0.467030	  0.108386	
  0.110678	  0.154282	  0.175206	  0.559834	
  0.280601	  0.146225	  0.342066	  0.231109	
  0.095795	  0.565494	  0.203147	  0.135563	
  0.558185	  0.054770	  0.023789	  0.363257	

