MEME version 4

ALPHABET= ACGT

strands: + -

A 0.25000 C 0.25000 G 0.25000 T 0.25000 

MOTIF	Nkx2-4_3074.1_uniprobe
letter-probability matrix: alength= 4 w= 16 nsites= 20 E= 0
  0.275794	  0.208450	  0.159913	  0.355844	
  0.497677	  0.116961	  0.192392	  0.192970	
  0.631989	  0.046840	  0.128233	  0.192937	
  0.254344	  0.174293	  0.398254	  0.173109	
  0.093136	  0.758419	  0.133433	  0.015012	
  0.006001	  0.821576	  0.000980	  0.171443	
  0.849518	  0.014712	  0.000851	  0.134919	
  0.021811	  0.974976	  0.001053	  0.002160	
  0.003203	  0.004826	  0.002014	  0.989957	
  0.006614	  0.218026	  0.000597	  0.774763	
  0.279108	  0.177972	  0.527161	  0.015759	
  0.886451	  0.002536	  0.025740	  0.085273	
  0.428825	  0.384523	  0.148566	  0.038086	
  0.510791	  0.162011	  0.044233	  0.282965	
  0.225089	  0.190300	  0.047629	  0.536981	
  0.135904	  0.254965	  0.051167	  0.557964	

