MEME version 4

ALPHABET= ACGT

strands: + -

A 0.25000 C 0.25000 G 0.25000 T 0.25000 

MOTIF	Nkx2-3_3435.1_uniprobe
letter-probability matrix: alength= 4 w= 16 nsites= 20 E= 0
  0.112665	  0.429746	  0.074033	  0.383556	
  0.100414	  0.366064	  0.135644	  0.397877	
  0.083598	  0.139792	  0.093637	  0.682973	
  0.157091	  0.151456	  0.101963	  0.589490	
  0.804069	  0.003353	  0.166845	  0.025733	
  0.880173	  0.006767	  0.091214	  0.021845	
  0.009561	  0.018555	  0.963617	  0.008268	
  0.001409	  0.250669	  0.002497	  0.745425	
  0.745425	  0.002497	  0.250669	  0.001409	
  0.008268	  0.963617	  0.018555	  0.009561	
  0.021845	  0.091214	  0.006767	  0.880173	
  0.025733	  0.166845	  0.003353	  0.804069	
  0.534325	  0.173500	  0.200024	  0.092151	
  0.581546	  0.078557	  0.226846	  0.113051	
  0.210085	  0.208523	  0.190951	  0.390441	
  0.231700	  0.168938	  0.404360	  0.195002	

