MEME version 4

ALPHABET= ACGT

strands: + -

A 0.25000 C 0.25000 G 0.25000 T 0.25000 

MOTIF	Nkx2-9_3082.1_uniprobe
letter-probability matrix: alength= 4 w= 17 nsites= 20 E= 0
  0.246057	  0.081231	  0.164694	  0.508019	
  0.148670	  0.199380	  0.121257	  0.530694	
  0.228864	  0.152179	  0.074714	  0.544243	
  0.315761	  0.097229	  0.242200	  0.344810	
  0.669183	  0.002936	  0.306075	  0.021805	
  0.870957	  0.008933	  0.091276	  0.028835	
  0.009834	  0.028141	  0.956928	  0.005097	
  0.001783	  0.219475	  0.004428	  0.774314	
  0.774314	  0.004428	  0.219475	  0.001783	
  0.005097	  0.956928	  0.028141	  0.009834	
  0.028835	  0.091276	  0.008933	  0.870957	
  0.021805	  0.306075	  0.002936	  0.669183	
  0.411282	  0.172328	  0.253633	  0.162758	
  0.794622	  0.018789	  0.052643	  0.133945	
  0.590680	  0.124233	  0.103686	  0.181401	
  0.241272	  0.115001	  0.214390	  0.429337	
  0.145724	  0.359816	  0.128911	  0.365550	

