MEME version 4

ALPHABET= ACGT

strands: + -

A 0.25000 C 0.25000 G 0.25000 T 0.25000 

MOTIF	Nkx3-1_primary_uniprobe
letter-probability matrix: alength= 4 w= 17 nsites= 20 E= 0
  0.320923	  0.355720	  0.132925	  0.190432	
  0.265792	  0.153577	  0.141309	  0.439321	
  0.313284	  0.132832	  0.206078	  0.347806	
  0.512377	  0.150007	  0.229940	  0.107676	
  0.316140	  0.176900	  0.275045	  0.231914	
  0.057473	  0.823461	  0.105043	  0.014023	
  0.002240	  0.867965	  0.000708	  0.129087	
  0.955828	  0.003223	  0.000750	  0.040199	
  0.034243	  0.963533	  0.000606	  0.001619	
  0.002753	  0.003406	  0.001278	  0.992564	
  0.002034	  0.045573	  0.000563	  0.951830	
  0.926351	  0.010216	  0.008303	  0.055130	
  0.745831	  0.046808	  0.095896	  0.111464	
  0.213234	  0.336368	  0.349534	  0.100864	
  0.235811	  0.244213	  0.279438	  0.240538	
  0.491796	  0.174086	  0.209811	  0.124308	
  0.180671	  0.249525	  0.253931	  0.315873	

