MEME version 4

ALPHABET= ACGT

strands: + -

A 0.25000 C 0.25000 G 0.25000 T 0.25000 

MOTIF	Nkx3-1_secondary_uniprobe
letter-probability matrix: alength= 4 w= 17 nsites= 20 E= 0
  0.355705	  0.252939	  0.302809	  0.088546	
  0.331375	  0.367840	  0.112822	  0.187963	
  0.256868	  0.133354	  0.245031	  0.364747	
  0.140854	  0.369213	  0.251345	  0.238589	
  0.270847	  0.361956	  0.284953	  0.082244	
  0.471910	  0.018650	  0.403123	  0.106316	
  0.648885	  0.026013	  0.260891	  0.064211	
  0.040659	  0.008969	  0.902111	  0.048261	
  0.012217	  0.050918	  0.035985	  0.900879	
  0.900879	  0.035985	  0.050918	  0.012217	
  0.048261	  0.902111	  0.008969	  0.040659	
  0.064211	  0.260891	  0.026013	  0.648885	
  0.106316	  0.403123	  0.018650	  0.471910	
  0.147027	  0.186036	  0.335218	  0.331719	
  0.230890	  0.213795	  0.406875	  0.148439	
  0.463053	  0.261688	  0.152992	  0.122267	
  0.433206	  0.210103	  0.166171	  0.190520	

