MEME version 4

ALPHABET= ACGT

strands: + -

A 0.25000 C 0.25000 G 0.25000 T 0.25000 

MOTIF	Nkx6-1_2825.1_uniprobe
letter-probability matrix: alength= 4 w= 17 nsites= 20 E= 0
  0.227745	  0.143729	  0.473157	  0.155369	
  0.339118	  0.308916	  0.205493	  0.146474	
  0.345779	  0.158724	  0.153018	  0.342479	
  0.557584	  0.079553	  0.110321	  0.252542	
  0.771651	  0.018170	  0.024962	  0.185218	
  0.184990	  0.007357	  0.023611	  0.784042	
  0.004607	  0.044635	  0.000601	  0.950157	
  0.986717	  0.002383	  0.004487	  0.006413	
  0.983766	  0.001866	  0.002672	  0.011697	
  0.017243	  0.002934	  0.001772	  0.978051	
  0.012392	  0.014879	  0.166863	  0.805867	
  0.883539	  0.002678	  0.087438	  0.026345	
  0.315534	  0.452703	  0.102959	  0.128804	
  0.115226	  0.301679	  0.112527	  0.470568	
  0.136048	  0.255000	  0.214893	  0.394059	
  0.142643	  0.308403	  0.250214	  0.298740	
  0.061431	  0.237193	  0.507859	  0.193517	

