MEME version 4

ALPHABET= ACGT

strands: + -

A 0.25000 C 0.25000 G 0.25000 T 0.25000 

MOTIF	Nr2f2_primary_uniprobe
letter-probability matrix: alength= 4 w= 16 nsites= 20 E= 0
  0.253408	  0.181904	  0.273186	  0.291502	
  0.262827	  0.381870	  0.153734	  0.201569	
  0.143383	  0.243233	  0.242562	  0.370823	
  0.247498	  0.336892	  0.176114	  0.239496	
  0.856654	  0.037068	  0.049492	  0.056786	
  0.797369	  0.012935	  0.176463	  0.013233	
  0.808222	  0.001309	  0.189796	  0.000674	
  0.002583	  0.000536	  0.989167	  0.007714	
  0.002421	  0.000283	  0.972777	  0.024519	
  0.000270	  0.003650	  0.019038	  0.977041	
  0.000184	  0.956654	  0.005329	  0.037833	
  0.925587	  0.000706	  0.072434	  0.001273	
  0.307028	  0.327297	  0.079126	  0.286549	
  0.238576	  0.245847	  0.384025	  0.131552	
  0.281599	  0.234987	  0.226211	  0.257204	
  0.211511	  0.212695	  0.363980	  0.211815	

