MEME version 4

ALPHABET= ACGT

strands: + -

A 0.25000 C 0.25000 G 0.25000 T 0.25000 

MOTIF	Obox1_3970.2_uniprobe
letter-probability matrix: alength= 4 w= 17 nsites= 20 E= 0
  0.239477	  0.131084	  0.243507	  0.385932	
  0.217543	  0.106254	  0.206114	  0.470089	
  0.647326	  0.113122	  0.157767	  0.081785	
  0.447787	  0.111541	  0.372093	  0.068580	
  0.248541	  0.017787	  0.686924	  0.046748	
  0.088770	  0.008796	  0.883034	  0.019400	
  0.049663	  0.003287	  0.945325	  0.001725	
  0.003569	  0.000420	  0.960584	  0.035426	
  0.967192	  0.029883	  0.000248	  0.002677	
  0.001721	  0.005927	  0.001063	  0.991288	
  0.008389	  0.011678	  0.000280	  0.979653	
  0.946957	  0.000663	  0.002329	  0.050052	
  0.711018	  0.017942	  0.052601	  0.218440	
  0.234125	  0.619719	  0.073871	  0.072285	
  0.255026	  0.148239	  0.159856	  0.436879	
  0.448611	  0.200869	  0.092123	  0.258397	
  0.182337	  0.333505	  0.182092	  0.302066	

