MEME version 4

ALPHABET= ACGT

strands: + -

A 0.25000 C 0.25000 G 0.25000 T 0.25000 

MOTIF	Obox3_3439.1_uniprobe
letter-probability matrix: alength= 4 w= 17 nsites= 20 E= 0
  0.265987	  0.173377	  0.153926	  0.406710	
  0.129561	  0.268972	  0.350646	  0.250821	
  0.342885	  0.208848	  0.334291	  0.113975	
  0.153240	  0.164565	  0.582521	  0.099674	
  0.258413	  0.031726	  0.629457	  0.080404	
  0.111288	  0.035159	  0.768619	  0.084935	
  0.083021	  0.004060	  0.905853	  0.007066	
  0.012108	  0.002693	  0.970145	  0.015055	
  0.982328	  0.009671	  0.001699	  0.006303	
  0.003572	  0.002819	  0.006020	  0.987589	
  0.012066	  0.006455	  0.003574	  0.977906	
  0.954560	  0.001995	  0.009190	  0.034255	
  0.716184	  0.015547	  0.126758	  0.141512	
  0.137277	  0.673851	  0.087215	  0.101657	
  0.282699	  0.056894	  0.162378	  0.498029	
  0.432159	  0.290288	  0.109507	  0.168046	
  0.260601	  0.267351	  0.069676	  0.402372	

