MEME version 4

ALPHABET= ACGT

strands: + -

A 0.25000 C 0.25000 G 0.25000 T 0.25000 

MOTIF	Obox2_3438.2_uniprobe
letter-probability matrix: alength= 4 w= 17 nsites= 20 E= 0
  0.293849	  0.125144	  0.142440	  0.438568	
  0.122280	  0.144634	  0.408124	  0.324963	
  0.448856	  0.147837	  0.312347	  0.090959	
  0.152801	  0.059872	  0.649129	  0.138198	
  0.187720	  0.040843	  0.725481	  0.045956	
  0.070379	  0.021109	  0.864530	  0.043982	
  0.063765	  0.006819	  0.915928	  0.013488	
  0.018370	  0.002669	  0.948065	  0.030896	
  0.972042	  0.020308	  0.001317	  0.006333	
  0.009162	  0.002535	  0.005655	  0.982649	
  0.024250	  0.007414	  0.002871	  0.965464	
  0.934913	  0.002383	  0.012220	  0.050484	
  0.694401	  0.019404	  0.079194	  0.207001	
  0.290944	  0.524953	  0.061736	  0.122367	
  0.258089	  0.064339	  0.154268	  0.523303	
  0.510991	  0.233652	  0.092796	  0.162561	
  0.221195	  0.238061	  0.076237	  0.464507	

