MEME version 4

ALPHABET= ACGT

strands: + -

A 0.25000 C 0.25000 G 0.25000 T 0.25000 

MOTIF	Osr2_primary_uniprobe
letter-probability matrix: alength= 4 w= 16 nsites= 20 E= 0
  0.295210	  0.230759	  0.178832	  0.295199	
  0.286163	  0.186772	  0.186150	  0.340915	
  0.287577	  0.235045	  0.329453	  0.147924	
  0.263264	  0.191325	  0.081978	  0.463433	
  0.839420	  0.118123	  0.018788	  0.023669	
  0.005488	  0.984397	  0.000830	  0.009284	
  0.660134	  0.001532	  0.336574	  0.001760	
  0.003020	  0.001773	  0.993144	  0.002063	
  0.039664	  0.001060	  0.005054	  0.954222	
  0.980339	  0.000636	  0.016776	  0.002249	
  0.003849	  0.001418	  0.992166	  0.002568	
  0.000858	  0.950172	  0.007228	  0.041743	
  0.342840	  0.230712	  0.133570	  0.292878	
  0.342486	  0.316980	  0.167294	  0.173240	
  0.362426	  0.178913	  0.146709	  0.311952	
  0.266586	  0.140406	  0.435643	  0.157365	

