MEME version 4

ALPHABET= ACGT

strands: + -

A 0.25000 C 0.25000 G 0.25000 T 0.25000 

MOTIF	Osr2_secondary_uniprobe
letter-probability matrix: alength= 4 w= 16 nsites= 20 E= 0
  0.503814	  0.061521	  0.249336	  0.185328	
  0.254929	  0.299710	  0.169910	  0.275451	
  0.227652	  0.250215	  0.156720	  0.365413	
  0.204377	  0.213835	  0.124161	  0.457627	
  0.092364	  0.094662	  0.750364	  0.062611	
  0.026436	  0.897855	  0.038986	  0.036722	
  0.035250	  0.085429	  0.030496	  0.848825	
  0.819775	  0.042925	  0.032996	  0.104304	
  0.145642	  0.810774	  0.021549	  0.022035	
  0.031252	  0.486827	  0.015181	  0.466740	
  0.255316	  0.101783	  0.039552	  0.603348	
  0.466712	  0.084471	  0.436303	  0.012514	
  0.344321	  0.408616	  0.064696	  0.182367	
  0.422210	  0.112319	  0.109923	  0.355548	
  0.221064	  0.283525	  0.217775	  0.277636	
  0.280658	  0.350363	  0.211925	  0.157054	

