MEME version 4

ALPHABET= ACGT

strands: + -

A 0.25000 C 0.25000 G 0.25000 T 0.25000 

MOTIF	Otp_3496.1_uniprobe
letter-probability matrix: alength= 4 w= 17 nsites= 20 E= 0
  0.230993	  0.375169	  0.212909	  0.180928	
  0.308053	  0.197960	  0.335842	  0.158144	
  0.146999	  0.355311	  0.118315	  0.379375	
  0.411189	  0.175886	  0.183790	  0.229135	
  0.473168	  0.101553	  0.388483	  0.036796	
  0.007589	  0.115608	  0.001555	  0.875248	
  0.008817	  0.035417	  0.000301	  0.955465	
  0.983825	  0.008430	  0.006604	  0.001141	
  0.983066	  0.001256	  0.010977	  0.004701	
  0.004701	  0.010977	  0.001256	  0.983066	
  0.001141	  0.006604	  0.008430	  0.983825	
  0.955465	  0.000301	  0.035417	  0.008817	
  0.875248	  0.001555	  0.115608	  0.007589	
  0.059530	  0.422614	  0.086819	  0.431037	
  0.234910	  0.104731	  0.282998	  0.377362	
  0.222053	  0.180868	  0.345763	  0.251316	
  0.124269	  0.122352	  0.604547	  0.148832	

