MEME version 4

ALPHABET= ACGT

strands: + -

A 0.25000 C 0.25000 G 0.25000 T 0.25000 

MOTIF	Otx2_3441.1_uniprobe
letter-probability matrix: alength= 4 w= 17 nsites= 20 E= 0
  0.228258	  0.209722	  0.271345	  0.290675	
  0.291157	  0.069361	  0.377485	  0.261996	
  0.287153	  0.152094	  0.222957	  0.337796	
  0.483727	  0.152072	  0.310290	  0.053911	
  0.204144	  0.113048	  0.667872	  0.014936	
  0.075520	  0.006026	  0.914157	  0.004298	
  0.014517	  0.001438	  0.974113	  0.009931	
  0.947371	  0.046288	  0.000447	  0.005895	
  0.005062	  0.002217	  0.001684	  0.991037	
  0.012926	  0.004277	  0.000429	  0.982368	
  0.924965	  0.000604	  0.001421	  0.073010	
  0.746193	  0.020984	  0.124464	  0.108360	
  0.111140	  0.150400	  0.115855	  0.622606	
  0.195298	  0.342901	  0.084437	  0.377364	
  0.295892	  0.125170	  0.317047	  0.261892	
  0.189707	  0.172624	  0.206879	  0.430790	
  0.206004	  0.451765	  0.136227	  0.206004	

