MEME version 4

ALPHABET= ACGT

strands: + -

A 0.25000 C 0.25000 G 0.25000 T 0.25000 

MOTIF	Pax6_3838.3_uniprobe
letter-probability matrix: alength= 4 w= 16 nsites= 20 E= 0
  0.056377	  0.146105	  0.113050	  0.684469	
  0.257920	  0.128880	  0.430707	  0.182493	
  0.623900	  0.209492	  0.095387	  0.071220	
  0.081755	  0.403238	  0.041841	  0.473166	
  0.121445	  0.066240	  0.014517	  0.797798	
  0.944921	  0.019528	  0.023477	  0.012074	
  0.963129	  0.007827	  0.004579	  0.024465	
  0.024465	  0.004579	  0.007827	  0.963129	
  0.012074	  0.023477	  0.019528	  0.944921	
  0.797798	  0.014517	  0.066240	  0.121445	
  0.519860	  0.045033	  0.279766	  0.155341	
  0.071220	  0.095387	  0.209492	  0.623900	
  0.072892	  0.084006	  0.282009	  0.561093	
  0.256661	  0.277280	  0.305852	  0.160207	
  0.392446	  0.193530	  0.197935	  0.216089	
  0.226524	  0.413015	  0.173970	  0.186491	

