MEME version 4

ALPHABET= ACGT

strands: + -

A 0.25000 C 0.25000 G 0.25000 T 0.25000 

MOTIF	Pax7_3783.1_uniprobe
letter-probability matrix: alength= 4 w= 17 nsites= 20 E= 0
  0.319726	  0.364826	  0.139786	  0.175663	
  0.196863	  0.233046	  0.399587	  0.170505	
  0.413896	  0.213393	  0.083356	  0.289355	
  0.290983	  0.289961	  0.207158	  0.211898	
  0.111144	  0.442400	  0.017466	  0.428989	
  0.061701	  0.203357	  0.010752	  0.724189	
  0.906830	  0.012088	  0.076346	  0.004736	
  0.949032	  0.003073	  0.019684	  0.028211	
  0.028211	  0.019684	  0.003073	  0.949032	
  0.004736	  0.076346	  0.012088	  0.906830	
  0.724189	  0.010752	  0.203357	  0.061701	
  0.428989	  0.017466	  0.442400	  0.111144	
  0.120376	  0.197008	  0.289215	  0.393401	
  0.399438	  0.214942	  0.131909	  0.253711	
  0.308633	  0.334845	  0.209117	  0.147405	
  0.262828	  0.146608	  0.265220	  0.325344	
  0.369767	  0.189138	  0.227154	  0.213941	

