MEME version 4

ALPHABET= ACGT

strands: + -

A 0.25000 C 0.25000 G 0.25000 T 0.25000 

MOTIF	Pbx1_3203.1_uniprobe
letter-probability matrix: alength= 4 w= 17 nsites= 20 E= 0
  0.212132	  0.278490	  0.152736	  0.356642	
  0.063933	  0.492543	  0.152064	  0.291460	
  0.587031	  0.034623	  0.144307	  0.234038	
  0.117053	  0.398145	  0.094881	  0.389921	
  0.373322	  0.389731	  0.108286	  0.128661	
  0.108687	  0.734731	  0.088065	  0.068518	
  0.859559	  0.019872	  0.072249	  0.048320	
  0.030137	  0.010645	  0.008436	  0.950782	
  0.031271	  0.947906	  0.008587	  0.012236	
  0.931443	  0.030353	  0.020847	  0.017358	
  0.740694	  0.063345	  0.026296	  0.169665	
  0.314246	  0.050461	  0.058593	  0.576700	
  0.324258	  0.320852	  0.146988	  0.207902	
  0.392891	  0.139295	  0.090383	  0.377432	
  0.356442	  0.139564	  0.146747	  0.357247	
  0.260742	  0.286138	  0.240467	  0.212652	
  0.366956	  0.354615	  0.205968	  0.072461	

