MEME version 4

ALPHABET= ACGT

strands: + -

A 0.25000 C 0.25000 G 0.25000 T 0.25000 

MOTIF	Phox2b_3948.1_uniprobe
letter-probability matrix: alength= 4 w= 17 nsites= 20 E= 0
  0.270312	  0.380127	  0.282721	  0.066841	
  0.311438	  0.198757	  0.357591	  0.132214	
  0.166453	  0.217463	  0.312350	  0.303735	
  0.604298	  0.151111	  0.094727	  0.149864	
  0.577367	  0.199873	  0.198382	  0.024378	
  0.053117	  0.151891	  0.010359	  0.784633	
  0.018560	  0.037001	  0.003208	  0.941231	
  0.974725	  0.006070	  0.016797	  0.002408	
  0.975412	  0.000845	  0.011275	  0.012468	
  0.012468	  0.011275	  0.000845	  0.975412	
  0.002408	  0.016797	  0.006070	  0.974725	
  0.941231	  0.003208	  0.037001	  0.018560	
  0.784633	  0.010359	  0.151891	  0.053117	
  0.064719	  0.315444	  0.226411	  0.393427	
  0.379871	  0.088168	  0.289727	  0.242234	
  0.205449	  0.280466	  0.296675	  0.217411	
  0.161998	  0.172365	  0.502390	  0.163246	

