MEME version 4

ALPHABET= ACGT

strands: + -

A 0.25000 C 0.25000 G 0.25000 T 0.25000 

MOTIF	Phox2a_3947.1_uniprobe
letter-probability matrix: alength= 4 w= 16 nsites= 20 E= 0
  0.171280	  0.318822	  0.226495	  0.283402	
  0.296234	  0.219818	  0.276863	  0.207085	
  0.208289	  0.244520	  0.297219	  0.249972	
  0.298280	  0.383596	  0.084958	  0.233166	
  0.680766	  0.115830	  0.151391	  0.052013	
  0.028799	  0.353166	  0.016909	  0.601126	
  0.004516	  0.114481	  0.002605	  0.878397	
  0.974616	  0.011238	  0.008192	  0.005955	
  0.987076	  0.001667	  0.007378	  0.003879	
  0.009916	  0.001543	  0.003050	  0.985491	
  0.004635	  0.004053	  0.021075	  0.970237	
  0.881026	  0.012346	  0.096049	  0.010579	
  0.289497	  0.035517	  0.598154	  0.076833	
  0.053511	  0.247802	  0.211117	  0.487570	
  0.329377	  0.182475	  0.328186	  0.159962	
  0.256354	  0.279291	  0.385604	  0.078750	

