MEME version 4

ALPHABET= ACGT

strands: + -

A 0.25000 C 0.25000 G 0.25000 T 0.25000 

MOTIF	Pitx2_2274.3_uniprobe
letter-probability matrix: alength= 4 w= 17 nsites= 20 E= 0
  0.242677	  0.229501	  0.259308	  0.268514	
  0.239574	  0.084187	  0.407773	  0.268465	
  0.389673	  0.131082	  0.221817	  0.257427	
  0.458845	  0.170821	  0.273585	  0.096749	
  0.287524	  0.102892	  0.557422	  0.052162	
  0.106202	  0.003368	  0.887079	  0.003351	
  0.006667	  0.001481	  0.981787	  0.010064	
  0.949041	  0.045868	  0.000548	  0.004542	
  0.003032	  0.006646	  0.000697	  0.989625	
  0.008515	  0.011174	  0.000301	  0.980009	
  0.895900	  0.000770	  0.001149	  0.102180	
  0.700956	  0.039195	  0.190695	  0.069155	
  0.092379	  0.164035	  0.093911	  0.649675	
  0.257833	  0.316866	  0.114741	  0.310560	
  0.380147	  0.125922	  0.251193	  0.242738	
  0.281898	  0.165542	  0.207846	  0.344713	
  0.186833	  0.429334	  0.101793	  0.282040	

