MEME version 4

ALPHABET= ACGT

strands: + -

A 0.25000 C 0.25000 G 0.25000 T 0.25000 

MOTIF	Pknox2_3077.2_uniprobe
letter-probability matrix: alength= 4 w= 16 nsites= 20 E= 0
  0.428425	  0.195557	  0.163102	  0.212916	
  0.596487	  0.103248	  0.171370	  0.128895	
  0.255216	  0.203813	  0.424426	  0.116546	
  0.034183	  0.441823	  0.347767	  0.176227	
  0.613880	  0.025627	  0.347719	  0.012774	
  0.028636	  0.551817	  0.409264	  0.010283	
  0.020873	  0.969731	  0.003025	  0.006371	
  0.001171	  0.039795	  0.000323	  0.958710	
  0.004303	  0.001241	  0.992873	  0.001583	
  0.014490	  0.007334	  0.000309	  0.977866	
  0.000873	  0.991756	  0.001920	  0.005451	
  0.979609	  0.000960	  0.015793	  0.003638	
  0.586289	  0.199905	  0.051181	  0.162625	
  0.207586	  0.157832	  0.051564	  0.583018	
  0.295651	  0.262238	  0.182998	  0.259112	
  0.158213	  0.267067	  0.215259	  0.359461	

