MEME version 4

ALPHABET= ACGT

strands: + -

A 0.25000 C 0.25000 G 0.25000 T 0.25000 

MOTIF	Pknox1_2364.2_uniprobe
letter-probability matrix: alength= 4 w= 16 nsites= 20 E= 0
  0.436259	  0.086706	  0.169714	  0.307321	
  0.433826	  0.063296	  0.358082	  0.144795	
  0.324190	  0.284651	  0.208786	  0.182372	
  0.054648	  0.285295	  0.518967	  0.141090	
  0.922874	  0.012239	  0.042656	  0.022231	
  0.036668	  0.581917	  0.338993	  0.042422	
  0.021599	  0.968542	  0.006920	  0.002939	
  0.001846	  0.026071	  0.000271	  0.971812	
  0.007232	  0.000773	  0.989645	  0.002350	
  0.019103	  0.005771	  0.000209	  0.974917	
  0.001535	  0.989111	  0.000852	  0.008502	
  0.989698	  0.000915	  0.004907	  0.004480	
  0.679114	  0.077050	  0.037931	  0.205904	
  0.330007	  0.110122	  0.067993	  0.491878	
  0.286458	  0.421726	  0.186579	  0.105236	
  0.199258	  0.473968	  0.173008	  0.153766	

