MEME version 4

ALPHABET= ACGT

strands: + -

A 0.25000 C 0.25000 G 0.25000 T 0.25000 

MOTIF	Plagl1_primary_uniprobe
letter-probability matrix: alength= 4 w= 16 nsites= 20 E= 0
  0.119709	  0.241933	  0.299696	  0.338662	
  0.236295	  0.277376	  0.191945	  0.294383	
  0.203722	  0.152043	  0.467305	  0.176931	
  0.187661	  0.114330	  0.513662	  0.184347	
  0.047306	  0.041411	  0.838415	  0.072868	
  0.131945	  0.003749	  0.848921	  0.015385	
  0.003800	  0.006713	  0.960656	  0.028832	
  0.002515	  0.652482	  0.343047	  0.001955	
  0.001955	  0.343047	  0.652482	  0.002515	
  0.028832	  0.960656	  0.006713	  0.003800	
  0.015385	  0.848921	  0.003749	  0.131945	
  0.072868	  0.838415	  0.041411	  0.047306	
  0.193804	  0.543600	  0.063385	  0.199211	
  0.210649	  0.233823	  0.258755	  0.296773	
  0.376439	  0.191612	  0.261004	  0.170945	
  0.230078	  0.256519	  0.299785	  0.213618	

