MEME version 4

ALPHABET= ACGT

strands: + -

A 0.25000 C 0.25000 G 0.25000 T 0.25000 

MOTIF	Pou2f1_3081.2_uniprobe
letter-probability matrix: alength= 4 w= 16 nsites= 20 E= 0
  0.308369	  0.139885	  0.281073	  0.270674	
  0.168666	  0.207185	  0.128791	  0.495358	
  0.308131	  0.118740	  0.312745	  0.260385	
  0.304233	  0.242793	  0.085023	  0.367951	
  0.450966	  0.095745	  0.310736	  0.142553	
  0.320953	  0.240495	  0.019064	  0.419488	
  0.038986	  0.008174	  0.004507	  0.948333	
  0.890516	  0.093706	  0.008403	  0.007375	
  0.977877	  0.003033	  0.002679	  0.016411	
  0.010958	  0.001638	  0.004794	  0.982610	
  0.017772	  0.021021	  0.102898	  0.858308	
  0.928395	  0.009777	  0.004216	  0.057612	
  0.490420	  0.046638	  0.316162	  0.146780	
  0.107111	  0.169218	  0.438102	  0.285569	
  0.208918	  0.175267	  0.073106	  0.542709	
  0.511195	  0.052882	  0.117968	  0.317954	

