MEME version 4

ALPHABET= ACGT

strands: + -

A 0.25000 C 0.25000 G 0.25000 T 0.25000 

MOTIF	Pou3f1_3819.1_uniprobe
letter-probability matrix: alength= 4 w= 17 nsites= 20 E= 0
  0.383980	  0.129273	  0.292995	  0.193752	
  0.347530	  0.257268	  0.249014	  0.146188	
  0.202288	  0.273246	  0.214253	  0.310213	
  0.096662	  0.048219	  0.170550	  0.684569	
  0.817669	  0.126839	  0.019054	  0.036439	
  0.908384	  0.034202	  0.022731	  0.034683	
  0.049617	  0.009722	  0.007610	  0.933051	
  0.030623	  0.010272	  0.016239	  0.942866	
  0.942866	  0.016239	  0.010272	  0.030623	
  0.933051	  0.007610	  0.009722	  0.049617	
  0.034683	  0.022731	  0.034202	  0.908384	
  0.036439	  0.019054	  0.126839	  0.817669	
  0.808629	  0.107163	  0.007221	  0.076987	
  0.658159	  0.103835	  0.161364	  0.076642	
  0.120399	  0.197946	  0.334527	  0.347128	
  0.202637	  0.115217	  0.144762	  0.537384	
  0.269009	  0.275163	  0.221820	  0.234008	

