MEME version 4

ALPHABET= ACGT

strands: + -

A 0.25000 C 0.25000 G 0.25000 T 0.25000 

MOTIF	Pou3f3_3235.2_uniprobe
letter-probability matrix: alength= 4 w= 17 nsites= 20 E= 0
  0.402059	  0.183334	  0.129995	  0.284612	
  0.637165	  0.097294	  0.089284	  0.176258	
  0.307269	  0.160096	  0.305393	  0.227242	
  0.342471	  0.102992	  0.265291	  0.289246	
  0.091600	  0.100833	  0.033581	  0.773986	
  0.798635	  0.078572	  0.026801	  0.095992	
  0.006820	  0.052860	  0.002012	  0.938308	
  0.017076	  0.003624	  0.947530	  0.031771	
  0.086932	  0.905749	  0.001612	  0.005708	
  0.983215	  0.002160	  0.010700	  0.003925	
  0.030968	  0.005240	  0.011437	  0.952355	
  0.893793	  0.010310	  0.013393	  0.082504	
  0.666055	  0.063676	  0.007180	  0.263089	
  0.170333	  0.094919	  0.231056	  0.503693	
  0.342691	  0.132989	  0.269857	  0.254463	
  0.371397	  0.117426	  0.241987	  0.269189	
  0.598148	  0.065635	  0.098090	  0.238127	

