MEME version 4

ALPHABET= ACGT

strands: + -

A 0.25000 C 0.25000 G 0.25000 T 0.25000 

MOTIF	Pou6f1_1731.2_uniprobe
letter-probability matrix: alength= 4 w= 17 nsites= 20 E= 0
  0.275324	  0.279787	  0.343261	  0.101627	
  0.427224	  0.235591	  0.082495	  0.254690	
  0.277238	  0.297129	  0.215567	  0.210066	
  0.186995	  0.266722	  0.455539	  0.090745	
  0.497950	  0.067684	  0.016924	  0.417442	
  0.013679	  0.002540	  0.000655	  0.983126	
  0.983167	  0.000504	  0.003387	  0.012942	
  0.991219	  0.001357	  0.001850	  0.005574	
  0.001629	  0.002451	  0.002946	  0.992975	
  0.007831	  0.001171	  0.699966	  0.291032	
  0.988819	  0.004496	  0.003298	  0.003387	
  0.007387	  0.005766	  0.955350	  0.031496	
  0.080202	  0.396531	  0.403339	  0.119929	
  0.208796	  0.127415	  0.025199	  0.638589	
  0.167145	  0.149170	  0.303743	  0.379941	
  0.243308	  0.165096	  0.382490	  0.209106	
  0.295348	  0.315506	  0.163899	  0.225247	

