MEME version 4

ALPHABET= ACGT

strands: + -

A 0.25000 C 0.25000 G 0.25000 T 0.25000 

MOTIF	Prrx1_3442.1_uniprobe
letter-probability matrix: alength= 4 w= 17 nsites= 20 E= 0
  0.253670	  0.274722	  0.311514	  0.160094	
  0.142661	  0.147239	  0.267582	  0.442518	
  0.550773	  0.218031	  0.102023	  0.129173	
  0.638511	  0.097957	  0.200256	  0.063275	
  0.033238	  0.630091	  0.034920	  0.301751	
  0.010596	  0.084792	  0.002672	  0.901941	
  0.978487	  0.005759	  0.012099	  0.003655	
  0.988730	  0.002072	  0.006630	  0.002568	
  0.003055	  0.005516	  0.002393	  0.989036	
  0.001886	  0.013121	  0.004234	  0.980759	
  0.945982	  0.000473	  0.036032	  0.017513	
  0.492644	  0.048622	  0.426186	  0.032548	
  0.032076	  0.477120	  0.163099	  0.327705	
  0.087306	  0.062675	  0.109007	  0.741011	
  0.398317	  0.165475	  0.249687	  0.186521	
  0.195630	  0.391763	  0.253591	  0.159016	
  0.054732	  0.179801	  0.168037	  0.597430	

