MEME version 4

ALPHABET= ACGT

strands: + -

A 0.25000 C 0.25000 G 0.25000 T 0.25000 

MOTIF	Rara_secondary_uniprobe
letter-probability matrix: alength= 4 w= 16 nsites= 20 E= 0
  0.452791	  0.238473	  0.150608	  0.158129	
  0.126444	  0.094012	  0.487076	  0.292468	
  0.434627	  0.239256	  0.156125	  0.169991	
  0.155278	  0.149228	  0.515565	  0.179929	
  0.022266	  0.469314	  0.059240	  0.449180	
  0.015036	  0.363660	  0.451594	  0.169710	
  0.045189	  0.099760	  0.821516	  0.033536	
  0.007763	  0.009857	  0.907047	  0.075332	
  0.013453	  0.003952	  0.903170	  0.079425	
  0.040714	  0.027371	  0.027997	  0.903918	
  0.017023	  0.852075	  0.039656	  0.091246	
  0.801114	  0.004391	  0.164886	  0.029609	
  0.394695	  0.235752	  0.182580	  0.186973	
  0.087654	  0.156911	  0.450591	  0.304844	
  0.118927	  0.222730	  0.284210	  0.374133	
  0.308787	  0.296358	  0.197868	  0.196986	

