MEME version 4

ALPHABET= ACGT

strands: + -

A 0.25000 C 0.25000 G 0.25000 T 0.25000 

MOTIF	Rfx3_secondary_uniprobe
letter-probability matrix: alength= 4 w= 23 nsites= 20 E= 0
  0.314514	  0.275352	  0.257617	  0.152518	
  0.126939	  0.598294	  0.130576	  0.144192	
  0.102265	  0.155334	  0.177957	  0.564445	
  0.129288	  0.282678	  0.326990	  0.261044	
  0.318166	  0.227823	  0.175681	  0.278330	
  0.109019	  0.380838	  0.278328	  0.231815	
  0.226145	  0.289206	  0.291300	  0.193348	
  0.035863	  0.844339	  0.072582	  0.047216	
  0.223793	  0.187244	  0.088092	  0.500871	
  0.039800	  0.029681	  0.026201	  0.904317	
  0.298298	  0.032147	  0.654746	  0.014809	
  0.014729	  0.022023	  0.944826	  0.018422	
  0.485114	  0.004925	  0.013785	  0.496176	
  0.035708	  0.020381	  0.240804	  0.703108	
  0.951152	  0.012738	  0.017886	  0.018224	
  0.023713	  0.944394	  0.009538	  0.022355	
  0.291067	  0.385205	  0.232388	  0.091339	
  0.340334	  0.199588	  0.311526	  0.148552	
  0.198713	  0.472138	  0.178319	  0.150830	
  0.321155	  0.269932	  0.311301	  0.097612	
  0.412646	  0.195252	  0.231950	  0.160152	
  0.297134	  0.180928	  0.250400	  0.271538	
  0.151169	  0.305386	  0.358574	  0.184871	

