MEME version 4

ALPHABET= ACGT

strands: + -

A 0.25000 C 0.25000 G 0.25000 T 0.25000 

MOTIF	Rfx4_primary_uniprobe
letter-probability matrix: alength= 4 w= 15 nsites= 20 E= 0
  0.143522	  0.316811	  0.206641	  0.333027	
  0.363838	  0.275175	  0.143142	  0.217845	
  0.167173	  0.561442	  0.177495	  0.093890	
  0.002395	  0.959751	  0.032345	  0.005509	
  0.400559	  0.250652	  0.120082	  0.228707	
  0.002331	  0.011423	  0.004255	  0.981991	
  0.774005	  0.006875	  0.218576	  0.000544	
  0.042920	  0.001813	  0.953809	  0.001458	
  0.005434	  0.952584	  0.001106	  0.040876	
  0.957142	  0.000549	  0.031944	  0.010366	
  0.990768	  0.002859	  0.005499	  0.000874	
  0.002052	  0.990864	  0.001010	  0.006074	
  0.114722	  0.349363	  0.464141	  0.071774	
  0.280483	  0.181532	  0.373684	  0.164300	
  0.282246	  0.183429	  0.218756	  0.315568	

