MEME version 4

ALPHABET= ACGT

strands: + -

A 0.25000 C 0.25000 G 0.25000 T 0.25000 

MOTIF	Rfx4_secondary_uniprobe
letter-probability matrix: alength= 4 w= 15 nsites= 20 E= 0
  0.241055	  0.181590	  0.146782	  0.430573	
  0.334692	  0.284570	  0.183858	  0.196880	
  0.149993	  0.369289	  0.267268	  0.213450	
  0.022041	  0.923939	  0.029272	  0.024748	
  0.270991	  0.387582	  0.133916	  0.207510	
  0.064065	  0.026889	  0.060947	  0.848098	
  0.502352	  0.014409	  0.481032	  0.002206	
  0.004704	  0.003480	  0.984761	  0.007055	
  0.362619	  0.002225	  0.004187	  0.630969	
  0.008959	  0.011532	  0.043287	  0.936222	
  0.952238	  0.009996	  0.017571	  0.020195	
  0.008741	  0.976874	  0.006479	  0.007906	
  0.219429	  0.353879	  0.330699	  0.095994	
  0.234527	  0.265601	  0.292784	  0.207089	
  0.296592	  0.268334	  0.216930	  0.218144	

