MEME version 4

ALPHABET= ACGT

strands: + -

A 0.25000 C 0.25000 G 0.25000 T 0.25000 

MOTIF	Rfxdc2_primary_uniprobe
letter-probability matrix: alength= 4 w= 15 nsites= 20 E= 0
  0.189172	  0.312793	  0.208883	  0.289152	
  0.136710	  0.434943	  0.186108	  0.242239	
  0.256816	  0.275897	  0.363978	  0.103310	
  0.011146	  0.863463	  0.099394	  0.025996	
  0.373741	  0.237226	  0.146987	  0.242046	
  0.005017	  0.111657	  0.003647	  0.879679	
  0.841176	  0.013716	  0.141250	  0.003858	
  0.029906	  0.002133	  0.962640	  0.005321	
  0.012594	  0.847704	  0.002157	  0.137544	
  0.932422	  0.001014	  0.052257	  0.014308	
  0.982357	  0.006938	  0.009323	  0.001382	
  0.004351	  0.989051	  0.001153	  0.005445	
  0.110845	  0.311938	  0.548936	  0.028281	
  0.277504	  0.180989	  0.410980	  0.130527	
  0.306730	  0.193910	  0.280420	  0.218939	

