MEME version 4

ALPHABET= ACGT

strands: + -

A 0.25000 C 0.25000 G 0.25000 T 0.25000 

MOTIF	Rxra_primary_uniprobe
letter-probability matrix: alength= 4 w= 17 nsites= 20 E= 0
  0.235299	  0.222264	  0.237416	  0.305021	
  0.144778	  0.278902	  0.341673	  0.234648	
  0.261127	  0.261904	  0.191591	  0.285378	
  0.119943	  0.410774	  0.218940	  0.250343	
  0.222672	  0.075554	  0.365253	  0.336521	
  0.001838	  0.046904	  0.002828	  0.948430	
  0.030410	  0.006359	  0.960821	  0.002410	
  0.987391	  0.007562	  0.002810	  0.002237	
  0.105188	  0.888650	  0.001163	  0.004998	
  0.006475	  0.987074	  0.001793	  0.004659	
  0.001816	  0.765138	  0.003092	  0.229953	
  0.010354	  0.846496	  0.029899	  0.113251	
  0.328732	  0.039382	  0.265510	  0.366377	
  0.209638	  0.262628	  0.145613	  0.382121	
  0.385390	  0.177695	  0.299828	  0.137087	
  0.403452	  0.268924	  0.096028	  0.231595	
  0.203082	  0.231812	  0.213520	  0.351585	

