MEME version 4

ALPHABET= ACGT

strands: + -

A 0.25000 C 0.25000 G 0.25000 T 0.25000 

MOTIF	Sfpi1_secondary_uniprobe
letter-probability matrix: alength= 4 w= 14 nsites= 20 E= 0
  0.258850	  0.404047	  0.118755	  0.218348	
  0.407411	  0.209199	  0.177959	  0.205430	
  0.663761	  0.052852	  0.146297	  0.137089	
  0.479949	  0.060152	  0.029036	  0.430863	
  0.220887	  0.085462	  0.024186	  0.669465	
  0.211993	  0.111100	  0.120358	  0.556550	
  0.313150	  0.360343	  0.156354	  0.170153	
  0.308131	  0.323440	  0.294899	  0.073530	
  0.219945	  0.060802	  0.664830	  0.054423	
  0.117625	  0.080553	  0.728331	  0.073491	
  0.725502	  0.039058	  0.095272	  0.140168	
  0.730077	  0.107252	  0.036034	  0.126638	
  0.216907	  0.541025	  0.123234	  0.118835	
  0.218267	  0.479050	  0.115849	  0.186834	

