MEME version 4

ALPHABET= ACGT

strands: + -

A 0.25000 C 0.25000 G 0.25000 T 0.25000 

MOTIF	Six1_0935.2_uniprobe
letter-probability matrix: alength= 4 w= 17 nsites= 20 E= 0
  0.319306	  0.130147	  0.399309	  0.151238	
  0.482636	  0.211172	  0.085871	  0.220321	
  0.214292	  0.085504	  0.207353	  0.492851	
  0.392819	  0.136859	  0.403883	  0.066438	
  0.215886	  0.049341	  0.685932	  0.048842	
  0.039793	  0.053756	  0.870240	  0.036211	
  0.202525	  0.005026	  0.791396	  0.001053	
  0.001092	  0.001021	  0.052968	  0.944919	
  0.963185	  0.001738	  0.033596	  0.001480	
  0.002017	  0.001886	  0.002847	  0.993250	
  0.009914	  0.974962	  0.001987	  0.013137	
  0.909252	  0.021586	  0.037899	  0.031263	
  0.177851	  0.274190	  0.117998	  0.429961	
  0.228906	  0.159459	  0.303955	  0.307681	
  0.330938	  0.158106	  0.118706	  0.392251	
  0.160453	  0.267920	  0.280244	  0.291383	
  0.176707	  0.068175	  0.229538	  0.525580	

