MEME version 4

ALPHABET= ACGT

strands: + -

A 0.25000 C 0.25000 G 0.25000 T 0.25000 

MOTIF	Six3_1732.2_uniprobe
letter-probability matrix: alength= 4 w= 17 nsites= 20 E= 0
  0.333695	  0.093488	  0.364569	  0.208248	
  0.720387	  0.079055	  0.078819	  0.121739	
  0.228565	  0.054353	  0.169178	  0.547904	
  0.473776	  0.098972	  0.322497	  0.104754	
  0.072282	  0.069213	  0.818062	  0.040444	
  0.015799	  0.021866	  0.895094	  0.067240	
  0.162037	  0.008758	  0.827015	  0.002191	
  0.001775	  0.000990	  0.043426	  0.953808	
  0.965015	  0.002030	  0.031105	  0.001850	
  0.003203	  0.001736	  0.003784	  0.991277	
  0.012698	  0.972998	  0.004011	  0.010293	
  0.917291	  0.027214	  0.032991	  0.022504	
  0.185849	  0.445801	  0.093804	  0.274545	
  0.248167	  0.232363	  0.199701	  0.319769	
  0.402850	  0.084312	  0.108918	  0.403921	
  0.335914	  0.216832	  0.177371	  0.269883	
  0.075023	  0.107186	  0.239759	  0.578031	

