MEME version 4

ALPHABET= ACGT

strands: + -

A 0.25000 C 0.25000 G 0.25000 T 0.25000 

MOTIF	Six4_2860.1_uniprobe
letter-probability matrix: alength= 4 w= 17 nsites= 20 E= 0
  0.523054	  0.168817	  0.140331	  0.167798	
  0.187385	  0.177009	  0.246164	  0.389442	
  0.414492	  0.118547	  0.308876	  0.158085	
  0.345234	  0.289795	  0.130249	  0.234723	
  0.611522	  0.116948	  0.098944	  0.172586	
  0.016342	  0.029436	  0.015062	  0.939161	
  0.014351	  0.004796	  0.962435	  0.018418	
  0.987454	  0.005228	  0.002590	  0.004727	
  0.007431	  0.812214	  0.005849	  0.174506	
  0.969354	  0.025386	  0.002362	  0.002898	
  0.005123	  0.989068	  0.003362	  0.002447	
  0.001424	  0.969981	  0.012011	  0.016585	
  0.209729	  0.227411	  0.210523	  0.352337	
  0.341679	  0.297940	  0.104590	  0.255792	
  0.126190	  0.288862	  0.245018	  0.339930	
  0.173008	  0.295896	  0.252422	  0.278674	
  0.409639	  0.210750	  0.296197	  0.083415	

