MEME version 4

ALPHABET= ACGT

strands: + -

A 0.25000 C 0.25000 G 0.25000 T 0.25000 

MOTIF	Six6_primary_uniprobe
letter-probability matrix: alength= 4 w= 17 nsites= 20 E= 0
  0.317045	  0.156875	  0.291609	  0.234471	
  0.401186	  0.165206	  0.112177	  0.321431	
  0.358767	  0.060953	  0.184247	  0.396033	
  0.379931	  0.148871	  0.335692	  0.135507	
  0.123447	  0.025394	  0.821133	  0.030026	
  0.023979	  0.021598	  0.921707	  0.032717	
  0.146389	  0.010303	  0.842102	  0.001205	
  0.002731	  0.001047	  0.046353	  0.949869	
  0.968742	  0.001951	  0.027210	  0.002097	
  0.004195	  0.001438	  0.002700	  0.991667	
  0.010080	  0.971684	  0.002932	  0.015304	
  0.939044	  0.013080	  0.028737	  0.019139	
  0.258314	  0.320451	  0.077006	  0.344228	
  0.350549	  0.166684	  0.182171	  0.300596	
  0.242675	  0.136476	  0.144814	  0.476035	
  0.345444	  0.223653	  0.165966	  0.264937	
  0.182866	  0.213203	  0.170531	  0.433400	

