MEME version 4

ALPHABET= ACGT

strands: + -

A 0.25000 C 0.25000 G 0.25000 T 0.25000 

MOTIF	Six6_secondary_uniprobe
letter-probability matrix: alength= 4 w= 17 nsites= 20 E= 0
  0.333253	  0.271629	  0.210186	  0.184933	
  0.272508	  0.174023	  0.201524	  0.351945	
  0.144041	  0.280570	  0.313928	  0.261461	
  0.111667	  0.313422	  0.471256	  0.103655	
  0.028299	  0.065510	  0.488463	  0.417728	
  0.799236	  0.058583	  0.130664	  0.011517	
  0.046796	  0.059956	  0.009934	  0.883315	
  0.897257	  0.034409	  0.042451	  0.025883	
  0.012145	  0.015236	  0.040076	  0.932543	
  0.920368	  0.054215	  0.013431	  0.011986	
  0.021761	  0.146566	  0.036057	  0.795616	
  0.440980	  0.488724	  0.034441	  0.035855	
  0.085993	  0.634207	  0.121136	  0.158664	
  0.333295	  0.182497	  0.346954	  0.137255	
  0.191725	  0.327534	  0.163056	  0.317686	
  0.242162	  0.355763	  0.132889	  0.269186	
  0.147165	  0.133121	  0.234939	  0.484775	

