MEME version 4

ALPHABET= ACGT

strands: + -

A 0.25000 C 0.25000 G 0.25000 T 0.25000 

MOTIF	Smad3_secondary_uniprobe
letter-probability matrix: alength= 4 w= 17 nsites= 20 E= 0
  0.150668	  0.131779	  0.245665	  0.471887	
  0.316817	  0.287314	  0.150829	  0.245040	
  0.256473	  0.409066	  0.109700	  0.224761	
  0.210646	  0.220222	  0.345010	  0.224122	
  0.166679	  0.508939	  0.081676	  0.242705	
  0.049351	  0.759380	  0.088489	  0.102780	
  0.047598	  0.785546	  0.121957	  0.044898	
  0.004606	  0.944933	  0.034696	  0.015764	
  0.040252	  0.050652	  0.890382	  0.018713	
  0.003038	  0.913699	  0.022449	  0.060814	
  0.028672	  0.941477	  0.012276	  0.017575	
  0.635243	  0.139731	  0.110495	  0.114531	
  0.240016	  0.385948	  0.182848	  0.191188	
  0.210430	  0.274127	  0.085171	  0.430272	
  0.088118	  0.454598	  0.208989	  0.248295	
  0.181269	  0.265028	  0.149023	  0.404680	
  0.101070	  0.252682	  0.368542	  0.277706	

