MEME version 4

ALPHABET= ACGT

strands: + -

A 0.25000 C 0.25000 G 0.25000 T 0.25000 

MOTIF	Sox11_secondary_uniprobe
letter-probability matrix: alength= 4 w= 14 nsites= 20 E= 0
  0.446656	  0.143313	  0.196752	  0.213279	
  0.382525	  0.118004	  0.259881	  0.239589	
  0.821409	  0.004586	  0.143684	  0.030322	
  0.938190	  0.014356	  0.035358	  0.012096	
  0.012360	  0.021085	  0.019361	  0.947193	
  0.021086	  0.015753	  0.009123	  0.954038	
  0.174814	  0.017942	  0.793983	  0.013261	
  0.075814	  0.014849	  0.014595	  0.894743	
  0.113837	  0.270274	  0.096895	  0.518994	
  0.382362	  0.187190	  0.139645	  0.290803	
  0.226053	  0.180570	  0.266264	  0.327113	
  0.254298	  0.149553	  0.456409	  0.139740	
  0.348073	  0.111791	  0.302903	  0.237234	
  0.352941	  0.165968	  0.197794	  0.283298	

