MEME version 4

ALPHABET= ACGT

strands: + -

A 0.25000 C 0.25000 G 0.25000 T 0.25000 

MOTIF	Sox12_primary_uniprobe
letter-probability matrix: alength= 4 w= 14 nsites= 20 E= 0
  0.124600	  0.227558	  0.113860	  0.533982	
  0.416814	  0.237036	  0.025428	  0.320722	
  0.844859	  0.004610	  0.009822	  0.140710	
  0.010799	  0.012156	  0.010273	  0.966772	
  0.021911	  0.002662	  0.007268	  0.968159	
  0.047515	  0.012476	  0.926393	  0.013616	
  0.024161	  0.004368	  0.005622	  0.965849	
  0.035551	  0.063776	  0.023058	  0.877615	
  0.227803	  0.424131	  0.175089	  0.172976	
  0.158486	  0.110477	  0.070431	  0.660606	
  0.290539	  0.259108	  0.202704	  0.247648	
  0.565848	  0.109529	  0.105361	  0.219261	
  0.421399	  0.149322	  0.091821	  0.337459	
  0.272834	  0.280517	  0.197403	  0.249246	

