MEME version 4

ALPHABET= ACGT

strands: + -

A 0.25000 C 0.25000 G 0.25000 T 0.25000 

MOTIF	Sox15_secondary_uniprobe
letter-probability matrix: alength= 4 w= 15 nsites= 20 E= 0
  0.110714	  0.252497	  0.291511	  0.345278	
  0.164622	  0.184062	  0.190197	  0.461119	
  0.287350	  0.199874	  0.330362	  0.182414	
  0.616693	  0.089218	  0.166132	  0.127957	
  0.525717	  0.258234	  0.059744	  0.156305	
  0.083274	  0.096411	  0.076805	  0.743510	
  0.049512	  0.096815	  0.691840	  0.161833	
  0.410479	  0.121470	  0.156168	  0.311883	
  0.522715	  0.308171	  0.070073	  0.099041	
  0.708200	  0.050818	  0.138346	  0.102635	
  0.095092	  0.056144	  0.158664	  0.690100	
  0.126419	  0.145616	  0.080224	  0.647741	
  0.167179	  0.424187	  0.154592	  0.254042	
  0.222121	  0.318065	  0.377920	  0.081893	
  0.532720	  0.168320	  0.257188	  0.041771	

