MEME version 4

ALPHABET= ACGT

strands: + -

A 0.25000 C 0.25000 G 0.25000 T 0.25000 

MOTIF	Sox1_secondary_uniprobe
letter-probability matrix: alength= 4 w= 15 nsites= 20 E= 0
  0.311195	  0.320761	  0.168207	  0.199837	
  0.167435	  0.254705	  0.172347	  0.405512	
  0.455008	  0.141912	  0.238795	  0.164285	
  0.073716	  0.141297	  0.053296	  0.731691	
  0.568590	  0.149220	  0.096523	  0.185666	
  0.713176	  0.043537	  0.154070	  0.089217	
  0.052174	  0.056918	  0.031611	  0.859297	
  0.054048	  0.062932	  0.047885	  0.835134	
  0.062609	  0.086497	  0.830338	  0.020556	
  0.019412	  0.026926	  0.041178	  0.912484	
  0.025514	  0.121633	  0.159655	  0.693198	
  0.589206	  0.202387	  0.156463	  0.051943	
  0.139529	  0.144613	  0.355594	  0.360265	
  0.099136	  0.393670	  0.195997	  0.311196	
  0.221257	  0.260915	  0.363263	  0.154565	

