MEME version 4

ALPHABET= ACGT

strands: + -

A 0.25000 C 0.25000 G 0.25000 T 0.25000 

MOTIF	Sox17_primary_uniprobe
letter-probability matrix: alength= 4 w= 15 nsites= 20 E= 0
  0.384811	  0.284700	  0.175936	  0.154553	
  0.309402	  0.148547	  0.182807	  0.359244	
  0.481080	  0.063522	  0.236227	  0.219171	
  0.767683	  0.076339	  0.078689	  0.077290	
  0.721907	  0.020423	  0.021208	  0.236461	
  0.015843	  0.855728	  0.037803	  0.090627	
  0.946041	  0.014076	  0.006202	  0.033681	
  0.968744	  0.003602	  0.010784	  0.016871	
  0.019919	  0.012714	  0.005072	  0.962296	
  0.184775	  0.020594	  0.079338	  0.715293	
  0.391691	  0.169606	  0.345342	  0.093361	
  0.686419	  0.086126	  0.077592	  0.149862	
  0.416935	  0.101839	  0.062848	  0.418379	
  0.272943	  0.305787	  0.124571	  0.296700	
  0.388624	  0.124150	  0.177104	  0.310122	

