MEME version 4

ALPHABET= ACGT

strands: + -

A 0.25000 C 0.25000 G 0.25000 T 0.25000 

MOTIF	Sox13_secondary_uniprobe
letter-probability matrix: alength= 4 w= 17 nsites= 20 E= 0
  0.262581	  0.115233	  0.405525	  0.216661	
  0.246681	  0.142854	  0.145056	  0.465409	
  0.341041	  0.154355	  0.306628	  0.197976	
  0.242211	  0.263918	  0.113187	  0.380684	
  0.119326	  0.241913	  0.117198	  0.521563	
  0.054120	  0.036135	  0.784219	  0.125525	
  0.076634	  0.048399	  0.788586	  0.086381	
  0.215316	  0.044119	  0.663927	  0.076638	
  0.248538	  0.159141	  0.015452	  0.576869	
  0.047049	  0.083570	  0.788798	  0.080583	
  0.071948	  0.035098	  0.768849	  0.124105	
  0.123777	  0.030383	  0.713425	  0.132415	
  0.294760	  0.182119	  0.181553	  0.341567	
  0.516589	  0.129377	  0.116698	  0.237336	
  0.350326	  0.186505	  0.112598	  0.350571	
  0.311469	  0.198085	  0.147986	  0.342460	
  0.185126	  0.130721	  0.242572	  0.441582	

