MEME version 4

ALPHABET= ACGT

strands: + -

A 0.25000 C 0.25000 G 0.25000 T 0.25000 

MOTIF	Sox18_secondary_uniprobe
letter-probability matrix: alength= 4 w= 16 nsites= 20 E= 0
  0.233450	  0.135591	  0.449351	  0.181608	
  0.164159	  0.195257	  0.355715	  0.284869	
  0.366008	  0.174902	  0.291705	  0.167384	
  0.111204	  0.386494	  0.313802	  0.188500	
  0.037772	  0.262983	  0.150189	  0.549056	
  0.361570	  0.040331	  0.452937	  0.145162	
  0.644867	  0.179214	  0.074070	  0.101849	
  0.847543	  0.023693	  0.066894	  0.061870	
  0.061870	  0.066894	  0.023693	  0.847543	
  0.101849	  0.074070	  0.179214	  0.644867	
  0.145162	  0.452937	  0.040331	  0.361570	
  0.549056	  0.150189	  0.262983	  0.037772	
  0.256653	  0.170745	  0.197091	  0.375512	
  0.288178	  0.121185	  0.335592	  0.255044	
  0.284270	  0.341602	  0.127009	  0.247119	
  0.288580	  0.309961	  0.222765	  0.178693	

