MEME version 4

ALPHABET= ACGT

strands: + -

A 0.25000 C 0.25000 G 0.25000 T 0.25000 

MOTIF	Sox13_primary_uniprobe
letter-probability matrix: alength= 4 w= 16 nsites= 20 E= 0
  0.269275	  0.121320	  0.165706	  0.443700	
  0.188801	  0.239798	  0.175798	  0.395603	
  0.368195	  0.140376	  0.162749	  0.328680	
  0.497992	  0.105708	  0.282795	  0.113505	
  0.130964	  0.090292	  0.620010	  0.158734	
  0.825318	  0.023531	  0.125342	  0.025809	
  0.959293	  0.007648	  0.010682	  0.022377	
  0.019733	  0.898543	  0.014756	  0.066968	
  0.943830	  0.005894	  0.014484	  0.035792	
  0.949658	  0.010125	  0.029732	  0.010485	
  0.038214	  0.025063	  0.006015	  0.930708	
  0.465769	  0.016866	  0.079467	  0.437898	
  0.416082	  0.086340	  0.115778	  0.381801	
  0.356556	  0.103268	  0.179331	  0.360845	
  0.206830	  0.204618	  0.120034	  0.468518	
  0.302958	  0.164260	  0.071574	  0.461209	

