MEME version 4

ALPHABET= ACGT

strands: + -

A 0.25000 C 0.25000 G 0.25000 T 0.25000 

MOTIF	Sox21_primary_uniprobe
letter-probability matrix: alength= 4 w= 16 nsites= 20 E= 0
  0.249698	  0.249635	  0.144851	  0.355816	
  0.342516	  0.198873	  0.110298	  0.348313	
  0.206671	  0.209792	  0.178813	  0.404724	
  0.381631	  0.179619	  0.164566	  0.274184	
  0.852801	  0.022175	  0.020309	  0.104714	
  0.121572	  0.025278	  0.030652	  0.822498	
  0.235665	  0.017384	  0.020658	  0.726292	
  0.820305	  0.018914	  0.123153	  0.037628	
  0.037628	  0.123153	  0.018914	  0.820305	
  0.726292	  0.020658	  0.017384	  0.235665	
  0.822498	  0.030652	  0.025278	  0.121572	
  0.104714	  0.020309	  0.022175	  0.852801	
  0.362405	  0.077853	  0.124914	  0.434828	
  0.404697	  0.074491	  0.255296	  0.265516	
  0.392092	  0.082321	  0.211657	  0.313930	
  0.235376	  0.146510	  0.328923	  0.289191	

