MEME version 4

ALPHABET= ACGT

strands: + -

A 0.25000 C 0.25000 G 0.25000 T 0.25000 

MOTIF	Sox4_primary_uniprobe
letter-probability matrix: alength= 4 w= 17 nsites= 20 E= 0
  0.427843	  0.231210	  0.119424	  0.221523	
  0.196506	  0.239531	  0.304906	  0.259057	
  0.302488	  0.156922	  0.290190	  0.250401	
  0.433872	  0.149126	  0.196496	  0.220506	
  0.258426	  0.076511	  0.475100	  0.189963	
  0.841714	  0.046453	  0.099915	  0.011918	
  0.983853	  0.001612	  0.001362	  0.013174	
  0.003460	  0.982032	  0.005728	  0.008780	
  0.989743	  0.002253	  0.002020	  0.005984	
  0.990761	  0.003397	  0.002843	  0.003000	
  0.770864	  0.003540	  0.001549	  0.224048	
  0.235342	  0.002598	  0.757383	  0.004677	
  0.371426	  0.089574	  0.529959	  0.009040	
  0.480804	  0.196949	  0.240413	  0.081833	
  0.187158	  0.355102	  0.216599	  0.241142	
  0.248006	  0.232182	  0.157452	  0.362360	
  0.403367	  0.177684	  0.164649	  0.254300	

