MEME version 4

ALPHABET= ACGT

strands: + -

A 0.25000 C 0.25000 G 0.25000 T 0.25000 

MOTIF	Sox5_secondary_uniprobe
letter-probability matrix: alength= 4 w= 15 nsites= 20 E= 0
  0.246579	  0.230352	  0.241808	  0.281260	
  0.352611	  0.218685	  0.156655	  0.272048	
  0.249499	  0.128873	  0.215834	  0.405794	
  0.007509	  0.736577	  0.087481	  0.168432	
  0.566572	  0.059259	  0.191060	  0.183109	
  0.149304	  0.024062	  0.164680	  0.661954	
  0.540015	  0.279108	  0.133921	  0.046956	
  0.755323	  0.101222	  0.038315	  0.105140	
  0.170385	  0.095406	  0.092958	  0.641252	
  0.097171	  0.227591	  0.065510	  0.609729	
  0.348302	  0.171087	  0.180187	  0.300424	
  0.602718	  0.200284	  0.114330	  0.082668	
  0.142864	  0.302784	  0.453243	  0.101109	
  0.252334	  0.240815	  0.258541	  0.248309	
  0.285758	  0.214950	  0.251057	  0.248235	

