MEME version 4

ALPHABET= ACGT

strands: + -

A 0.25000 C 0.25000 G 0.25000 T 0.25000 

MOTIF	Sox7_primary_uniprobe
letter-probability matrix: alength= 4 w= 22 nsites= 20 E= 0
  0.360997	  0.300272	  0.115555	  0.223177	
  0.309749	  0.228429	  0.166233	  0.295589	
  0.149419	  0.176868	  0.240155	  0.433558	
  0.379704	  0.095791	  0.276373	  0.248133	
  0.394549	  0.174184	  0.130641	  0.300626	
  0.443749	  0.070776	  0.211081	  0.274393	
  0.364301	  0.074356	  0.370406	  0.190936	
  0.791976	  0.038475	  0.093390	  0.076159	
  0.963721	  0.001826	  0.002456	  0.031997	
  0.004516	  0.954596	  0.008092	  0.032796	
  0.981080	  0.002062	  0.002161	  0.014697	
  0.986185	  0.001846	  0.006976	  0.004992	
  0.059567	  0.003649	  0.002189	  0.934595	
  0.495328	  0.024257	  0.240450	  0.239965	
  0.305027	  0.094878	  0.526069	  0.074025	
  0.418442	  0.196237	  0.158323	  0.226998	
  0.336713	  0.220452	  0.191155	  0.251680	
  0.192296	  0.300342	  0.169047	  0.338315	
  0.240387	  0.144634	  0.128513	  0.486465	
  0.290763	  0.271259	  0.116600	  0.321377	
  0.224825	  0.296233	  0.229255	  0.249687	
  0.493240	  0.171285	  0.075148	  0.260326	

