MEME version 4

ALPHABET= ACGT

strands: + -

A 0.25000 C 0.25000 G 0.25000 T 0.25000 

MOTIF	Sox8_primary_uniprobe
letter-probability matrix: alength= 4 w= 17 nsites= 20 E= 0
  0.244952	  0.197659	  0.278014	  0.279374	
  0.244434	  0.136006	  0.278446	  0.341114	
  0.512025	  0.129954	  0.139069	  0.218951	
  0.190001	  0.086232	  0.125500	  0.598267	
  0.154692	  0.325860	  0.193904	  0.325544	
  0.384624	  0.130540	  0.035110	  0.449726	
  0.945021	  0.006713	  0.011975	  0.036291	
  0.008386	  0.026630	  0.004166	  0.960817	
  0.020908	  0.005554	  0.009294	  0.964244	
  0.149285	  0.038995	  0.806085	  0.005635	
  0.110990	  0.007155	  0.007797	  0.874058	
  0.087283	  0.099671	  0.059611	  0.753435	
  0.250662	  0.432576	  0.082152	  0.234610	
  0.251277	  0.174578	  0.147771	  0.426374	
  0.205121	  0.137656	  0.296366	  0.360857	
  0.316796	  0.152457	  0.164403	  0.366344	
  0.475864	  0.128717	  0.153551	  0.241867	

