MEME version 4

ALPHABET= ACGT

strands: + -

A 0.25000 C 0.25000 G 0.25000 T 0.25000 

MOTIF	Sp4_secondary_uniprobe
letter-probability matrix: alength= 4 w= 15 nsites= 20 E= 0
  0.146334	  0.312326	  0.244281	  0.297060	
  0.493155	  0.092609	  0.162506	  0.251729	
  0.503593	  0.059863	  0.077561	  0.358984	
  0.763321	  0.015264	  0.213114	  0.008301	
  0.012415	  0.025932	  0.945502	  0.016151	
  0.006713	  0.015221	  0.950098	  0.027968	
  0.062415	  0.834303	  0.054500	  0.048782	
  0.011010	  0.020677	  0.928821	  0.039493	
  0.012785	  0.024162	  0.145822	  0.817231	
  0.133595	  0.033962	  0.787876	  0.044567	
  0.140697	  0.180481	  0.428253	  0.250570	
  0.036281	  0.806412	  0.033510	  0.123797	
  0.157910	  0.408607	  0.122427	  0.311055	
  0.292185	  0.260017	  0.197515	  0.250283	
  0.251107	  0.124480	  0.359447	  0.264967	

