MEME version 4

ALPHABET= ACGT

strands: + -

A 0.25000 C 0.25000 G 0.25000 T 0.25000 

MOTIF	Sp4_primary_uniprobe
letter-probability matrix: alength= 4 w= 17 nsites= 20 E= 0
  0.155386	  0.223380	  0.374454	  0.246780	
  0.247106	  0.159582	  0.345111	  0.248201	
  0.238889	  0.258354	  0.165304	  0.337454	
  0.255612	  0.489586	  0.051621	  0.203182	
  0.450100	  0.545383	  0.001071	  0.003447	
  0.003704	  0.991007	  0.002456	  0.002833	
  0.035504	  0.001814	  0.928129	  0.034553	
  0.001494	  0.991406	  0.003414	  0.003686	
  0.003045	  0.990628	  0.005182	  0.001145	
  0.000990	  0.963237	  0.001215	  0.034557	
  0.148016	  0.838396	  0.000666	  0.012922	
  0.014261	  0.905847	  0.007200	  0.072692	
  0.083394	  0.270068	  0.058368	  0.588170	
  0.149141	  0.286783	  0.142802	  0.421274	
  0.204851	  0.347195	  0.253356	  0.194597	
  0.184442	  0.299908	  0.194408	  0.321242	
  0.125793	  0.380109	  0.245318	  0.248780	

