MEME version 4

ALPHABET= ACGT

strands: + -

A 0.25000 C 0.25000 G 0.25000 T 0.25000 

MOTIF	Spdef_primary_uniprobe
letter-probability matrix: alength= 4 w= 16 nsites= 20 E= 0
  0.278139	  0.269446	  0.332078	  0.120337	
  0.191853	  0.289569	  0.165370	  0.353209	
  0.490437	  0.027482	  0.446684	  0.035396	
  0.092110	  0.612324	  0.134576	  0.160990	
  0.714688	  0.007177	  0.042951	  0.235183	
  0.017038	  0.014836	  0.006165	  0.961960	
  0.005411	  0.986820	  0.005716	  0.002053	
  0.005945	  0.989961	  0.001629	  0.002464	
  0.001282	  0.006131	  0.872195	  0.120392	
  0.002518	  0.087009	  0.857395	  0.053078	
  0.567474	  0.070909	  0.194015	  0.167602	
  0.178375	  0.058626	  0.041325	  0.721673	
  0.255647	  0.250555	  0.158035	  0.335763	
  0.184054	  0.303968	  0.126491	  0.385487	
  0.145245	  0.233810	  0.150000	  0.470945	
  0.093249	  0.313763	  0.190482	  0.402505	

