MEME version 4

ALPHABET= ACGT

strands: + -

A 0.25000 C 0.25000 G 0.25000 T 0.25000 

MOTIF	Sry_primary_uniprobe
letter-probability matrix: alength= 4 w= 16 nsites= 20 E= 0
  0.173554	  0.244647	  0.248735	  0.333064	
  0.317107	  0.259459	  0.118295	  0.305139	
  0.240662	  0.181192	  0.247535	  0.330610	
  0.431219	  0.156611	  0.141440	  0.270729	
  0.958925	  0.011290	  0.006882	  0.022903	
  0.049111	  0.011065	  0.012843	  0.926981	
  0.072130	  0.013140	  0.006115	  0.908615	
  0.917456	  0.003886	  0.069860	  0.008798	
  0.008798	  0.069860	  0.003886	  0.917456	
  0.908615	  0.006115	  0.013140	  0.072130	
  0.926981	  0.012843	  0.011065	  0.049111	
  0.022903	  0.006882	  0.011290	  0.958925	
  0.422656	  0.136248	  0.266001	  0.175095	
  0.336161	  0.121946	  0.177188	  0.364705	
  0.247357	  0.097153	  0.248929	  0.406561	
  0.246369	  0.321670	  0.222124	  0.209837	

