MEME version 4

ALPHABET= ACGT

strands: + -

A 0.25000 C 0.25000 G 0.25000 T 0.25000 

MOTIF	Tcf1_2666.2_uniprobe
letter-probability matrix: alength= 4 w= 17 nsites= 20 E= 0
  0.162687	  0.354579	  0.139993	  0.342741	
  0.101568	  0.488153	  0.262627	  0.147652	
  0.039438	  0.192375	  0.351853	  0.416335	
  0.204477	  0.236464	  0.207245	  0.351815	
  0.362342	  0.146750	  0.361730	  0.129178	
  0.079522	  0.096055	  0.737359	  0.087065	
  0.085642	  0.106305	  0.007176	  0.800876	
  0.020260	  0.005019	  0.002466	  0.972256	
  0.969698	  0.003428	  0.003010	  0.023864	
  0.967101	  0.002595	  0.014222	  0.016082	
  0.019981	  0.899634	  0.055574	  0.024811	
  0.052496	  0.242078	  0.031504	  0.673922	
  0.539359	  0.044536	  0.229461	  0.186643	
  0.668354	  0.137998	  0.106059	  0.087589	
  0.447559	  0.162706	  0.171350	  0.218385	
  0.444133	  0.156784	  0.227197	  0.171885	
  0.111109	  0.236252	  0.290682	  0.361957	

