MEME version 4

ALPHABET= ACGT

strands: + -

A 0.25000 C 0.25000 G 0.25000 T 0.25000 

MOTIF	Tcf2_0913.2_uniprobe
letter-probability matrix: alength= 4 w= 17 nsites= 20 E= 0
  0.314412	  0.143512	  0.264912	  0.277164	
  0.157997	  0.184389	  0.369205	  0.288409	
  0.135761	  0.400456	  0.144198	  0.319585	
  0.174918	  0.189077	  0.293539	  0.342466	
  0.059548	  0.050376	  0.839169	  0.050907	
  0.062155	  0.032353	  0.015343	  0.890149	
  0.011322	  0.005522	  0.003327	  0.979830	
  0.960176	  0.002513	  0.002465	  0.034847	
  0.981010	  0.008328	  0.004727	  0.005935	
  0.006622	  0.951830	  0.013146	  0.028402	
  0.010202	  0.154748	  0.016885	  0.818164	
  0.895112	  0.013182	  0.028839	  0.062866	
  0.278112	  0.134938	  0.556639	  0.030311	
  0.164392	  0.362982	  0.210651	  0.261976	
  0.224410	  0.335183	  0.122095	  0.318312	
  0.045608	  0.320960	  0.380649	  0.252783	
  0.151847	  0.162111	  0.151885	  0.534157	

