MEME version 4

ALPHABET= ACGT

strands: + -

A 0.25000 C 0.25000 G 0.25000 T 0.25000 

MOTIF	Tcf3_secondary_uniprobe
letter-probability matrix: alength= 4 w= 15 nsites= 20 E= 0
  0.337361	  0.181848	  0.282900	  0.197891	
  0.192382	  0.237864	  0.390655	  0.179099	
  0.134397	  0.374785	  0.355693	  0.135126	
  0.113675	  0.477609	  0.347988	  0.060728	
  0.187411	  0.212669	  0.392109	  0.207811	
  0.497832	  0.111474	  0.194855	  0.195838	
  0.526043	  0.126712	  0.214265	  0.132981	
  0.433876	  0.180023	  0.104860	  0.281242	
  0.539525	  0.140192	  0.113374	  0.206909	
  0.397301	  0.176842	  0.115802	  0.310056	
  0.529441	  0.199807	  0.148595	  0.122158	
  0.485035	  0.166231	  0.150350	  0.198384	
  0.532479	  0.165910	  0.177757	  0.123854	
  0.351189	  0.173665	  0.138509	  0.336637	
  0.260688	  0.223764	  0.189060	  0.326488	

