MEME version 4

ALPHABET= ACGT

strands: + -

A 0.25000 C 0.25000 G 0.25000 T 0.25000 

MOTIF	Tcf7l2_secondary_uniprobe
letter-probability matrix: alength= 4 w= 16 nsites= 20 E= 0
  0.219727	  0.297064	  0.365730	  0.117479	
  0.343832	  0.053760	  0.335039	  0.267370	
  0.398646	  0.155439	  0.350773	  0.095142	
  0.243249	  0.263909	  0.392482	  0.100361	
  0.701383	  0.026080	  0.011816	  0.260722	
  0.046173	  0.017492	  0.013618	  0.922717	
  0.021091	  0.851782	  0.056848	  0.070279	
  0.929741	  0.006317	  0.010629	  0.053312	
  0.933346	  0.014880	  0.030452	  0.021322	
  0.031035	  0.023593	  0.047296	  0.898077	
  0.118958	  0.690417	  0.013393	  0.177232	
  0.586949	  0.020115	  0.355384	  0.037552	
  0.135289	  0.382648	  0.271643	  0.210420	
  0.119054	  0.176178	  0.244626	  0.460142	
  0.361195	  0.202500	  0.109476	  0.326829	
  0.333147	  0.167907	  0.203356	  0.295590	

