MEME version 4

ALPHABET= ACGT

strands: + -

A 0.25000 C 0.25000 G 0.25000 T 0.25000 

MOTIF	Tcf7_primary_uniprobe
letter-probability matrix: alength= 4 w= 17 nsites= 20 E= 0
  0.170811	  0.196976	  0.220503	  0.411710	
  0.337231	  0.228482	  0.140137	  0.294150	
  0.299312	  0.173780	  0.143426	  0.383481	
  0.603957	  0.053557	  0.128214	  0.214271	
  0.036338	  0.377925	  0.534647	  0.051091	
  0.725865	  0.010314	  0.008501	  0.255320	
  0.067855	  0.007849	  0.004559	  0.919737	
  0.049387	  0.815496	  0.098330	  0.036787	
  0.960514	  0.005036	  0.005137	  0.029313	
  0.960631	  0.004550	  0.018815	  0.016004	
  0.935245	  0.005169	  0.023866	  0.035720	
  0.159760	  0.060340	  0.761341	  0.018559	
  0.228534	  0.153897	  0.523052	  0.094517	
  0.557984	  0.123512	  0.254154	  0.064350	
  0.490252	  0.211976	  0.124557	  0.173215	
  0.310463	  0.250279	  0.132612	  0.306646	
  0.332720	  0.248937	  0.120633	  0.297711	

