MEME version 4

ALPHABET= ACGT

strands: + -

A 0.25000 C 0.25000 G 0.25000 T 0.25000 

MOTIF	Tcf7l2_primary_uniprobe
letter-probability matrix: alength= 4 w= 17 nsites= 20 E= 0
  0.285725	  0.187143	  0.254855	  0.272277	
  0.276264	  0.157893	  0.258178	  0.307665	
  0.238788	  0.161120	  0.254018	  0.346074	
  0.076041	  0.333901	  0.150903	  0.439156	
  0.093376	  0.526578	  0.180529	  0.199517	
  0.010827	  0.880320	  0.034150	  0.074703	
  0.016546	  0.023834	  0.000940	  0.958680	
  0.007166	  0.008215	  0.001941	  0.982678	
  0.029634	  0.001363	  0.001379	  0.967625	
  0.010872	  0.031751	  0.926186	  0.031190	
  0.949407	  0.000760	  0.002581	  0.047253	
  0.109203	  0.001362	  0.002094	  0.887341	
  0.044198	  0.567994	  0.353059	  0.034749	
  0.222623	  0.142360	  0.041281	  0.593736	
  0.358872	  0.167597	  0.220534	  0.252997	
  0.233072	  0.141480	  0.230985	  0.394463	
  0.350703	  0.243129	  0.233961	  0.172207	

