MEME version 4

ALPHABET= ACGT

strands: + -

A 0.25000 C 0.25000 G 0.25000 T 0.25000 

MOTIF	Tcfap2b_primary_uniprobe
letter-probability matrix: alength= 4 w= 14 nsites= 20 E= 0
  0.241622	  0.134036	  0.195946	  0.428396	
  0.170161	  0.349277	  0.064019	  0.416543	
  0.037533	  0.228173	  0.717601	  0.016693	
  0.007604	  0.927737	  0.058613	  0.006046	
  0.002996	  0.965706	  0.002874	  0.028425	
  0.004745	  0.626301	  0.026069	  0.342885	
  0.022194	  0.291409	  0.272335	  0.414062	
  0.589759	  0.136946	  0.247468	  0.025828	
  0.342885	  0.026069	  0.626301	  0.004745	
  0.028425	  0.002874	  0.965706	  0.002996	
  0.006046	  0.058613	  0.927737	  0.007604	
  0.016693	  0.717601	  0.228173	  0.037533	
  0.664950	  0.075306	  0.151047	  0.108696	
  0.315138	  0.174615	  0.172322	  0.337924	

