MEME version 4

ALPHABET= ACGT

strands: + -

A 0.25000 C 0.25000 G 0.25000 T 0.25000 

MOTIF	Tcfap2b_secondary_uniprobe
letter-probability matrix: alength= 4 w= 15 nsites= 20 E= 0
  0.325895	  0.099601	  0.286848	  0.287657	
  0.177095	  0.035123	  0.260876	  0.526906	
  0.344850	  0.211117	  0.015725	  0.428308	
  0.128363	  0.059965	  0.777560	  0.034112	
  0.048072	  0.881624	  0.024842	  0.045462	
  0.072628	  0.872650	  0.011271	  0.043451	
  0.057165	  0.162157	  0.347719	  0.432959	
  0.015437	  0.448405	  0.428425	  0.107733	
  0.446877	  0.336374	  0.099940	  0.116809	
  0.090955	  0.023004	  0.848240	  0.037801	
  0.040151	  0.015072	  0.901303	  0.043473	
  0.087378	  0.817019	  0.027876	  0.067727	
  0.532482	  0.021469	  0.266773	  0.179276	
  0.325017	  0.271661	  0.138860	  0.264463	
  0.203625	  0.179490	  0.143885	  0.473001	

