MEME version 4

ALPHABET= ACGT

strands: + -

A 0.25000 C 0.25000 G 0.25000 T 0.25000 

MOTIF	Tcfap2e_secondary_uniprobe
letter-probability matrix: alength= 4 w= 14 nsites= 20 E= 0
  0.248591	  0.214386	  0.166769	  0.370254	
  0.416041	  0.167262	  0.218682	  0.198015	
  0.195301	  0.542527	  0.153042	  0.109129	
  0.240156	  0.185228	  0.255545	  0.319071	
  0.195809	  0.247688	  0.280778	  0.275725	
  0.271555	  0.129776	  0.497286	  0.101382	
  0.738080	  0.057879	  0.078760	  0.125281	
  0.728876	  0.074205	  0.092737	  0.104182	
  0.694380	  0.084957	  0.159476	  0.061186	
  0.665572	  0.111592	  0.131546	  0.091289	
  0.782384	  0.059680	  0.047525	  0.110411	
  0.769981	  0.105692	  0.056467	  0.067860	
  0.402932	  0.087712	  0.172674	  0.336682	
  0.409485	  0.160886	  0.229779	  0.199850	

