MEME version 4

ALPHABET= ACGT

strands: + -

A 0.25000 C 0.25000 G 0.25000 T 0.25000 

MOTIF	Tcfap2a_secondary_uniprobe
letter-probability matrix: alength= 4 w= 14 nsites= 20 E= 0
  0.198427	  0.243196	  0.159241	  0.399136	
  0.267754	  0.388187	  0.116811	  0.227248	
  0.448284	  0.056403	  0.414623	  0.080691	
  0.031469	  0.826323	  0.055436	  0.086772	
  0.035527	  0.756642	  0.022985	  0.184845	
  0.127338	  0.316078	  0.155806	  0.400778	
  0.135021	  0.313650	  0.287760	  0.263570	
  0.418892	  0.082297	  0.068352	  0.430460	
  0.201062	  0.044735	  0.711358	  0.042845	
  0.038934	  0.022320	  0.903763	  0.034982	
  0.201790	  0.065554	  0.460526	  0.272130	
  0.006890	  0.786923	  0.061853	  0.144334	
  0.460666	  0.103658	  0.196452	  0.239224	
  0.092272	  0.204611	  0.390375	  0.312742	

