MEME version 4

ALPHABET= ACGT

strands: + -

A 0.25000 C 0.25000 G 0.25000 T 0.25000 

MOTIF	Tcfap2c_secondary_uniprobe
letter-probability matrix: alength= 4 w= 14 nsites= 20 E= 0
  0.203043	  0.348071	  0.227399	  0.221487	
  0.179291	  0.396392	  0.144383	  0.279934	
  0.093421	  0.033540	  0.859005	  0.014034	
  0.181373	  0.693724	  0.031481	  0.093422	
  0.019065	  0.840720	  0.011622	  0.128593	
  0.197421	  0.501100	  0.087606	  0.213873	
  0.457286	  0.063305	  0.239499	  0.239911	
  0.508984	  0.143325	  0.116228	  0.231463	
  0.213873	  0.087606	  0.501100	  0.197421	
  0.128593	  0.011622	  0.840720	  0.019065	
  0.093422	  0.031481	  0.693724	  0.181373	
  0.014034	  0.859005	  0.033540	  0.093421	
  0.477741	  0.059425	  0.165356	  0.297478	
  0.278658	  0.136011	  0.311291	  0.274039	

