MEME version 4

ALPHABET= ACGT

strands: + -

A 0.25000 C 0.25000 G 0.25000 T 0.25000 

MOTIF	Tcfap2e_primary_uniprobe
letter-probability matrix: alength= 4 w= 15 nsites= 20 E= 0
  0.369517	  0.172742	  0.163174	  0.294567	
  0.260541	  0.211816	  0.194359	  0.333284	
  0.292862	  0.281323	  0.073013	  0.352801	
  0.011777	  0.272676	  0.697188	  0.018359	
  0.005160	  0.983588	  0.005917	  0.005335	
  0.002256	  0.960488	  0.005733	  0.031524	
  0.003735	  0.283214	  0.123762	  0.589290	
  0.024383	  0.379981	  0.542999	  0.052638	
  0.589290	  0.123762	  0.283214	  0.003735	
  0.031524	  0.005733	  0.960488	  0.002256	
  0.005335	  0.005917	  0.983588	  0.005160	
  0.018359	  0.697188	  0.272676	  0.011777	
  0.328286	  0.093173	  0.334133	  0.244408	
  0.563777	  0.145250	  0.140240	  0.150733	
  0.263206	  0.222321	  0.242153	  0.272320	

