MEME version 4

ALPHABET= ACGT

strands: + -

A 0.25000 C 0.25000 G 0.25000 T 0.25000 

MOTIF	Tcfap2a_primary_uniprobe
letter-probability matrix: alength= 4 w= 15 nsites= 20 E= 0
  0.422613	  0.103833	  0.119614	  0.353939	
  0.249412	  0.169205	  0.202313	  0.379071	
  0.229443	  0.231233	  0.068690	  0.470634	
  0.013814	  0.501744	  0.463635	  0.020806	
  0.006744	  0.985507	  0.003252	  0.004497	
  0.001758	  0.859562	  0.001396	  0.137285	
  0.005460	  0.315890	  0.186790	  0.491861	
  0.040326	  0.375312	  0.497433	  0.086929	
  0.491861	  0.186790	  0.315890	  0.005460	
  0.137285	  0.001396	  0.859562	  0.001758	
  0.004497	  0.003252	  0.985507	  0.006744	
  0.020806	  0.463635	  0.501744	  0.013814	
  0.348377	  0.094358	  0.419593	  0.137673	
  0.559411	  0.134625	  0.133295	  0.172668	
  0.331903	  0.197670	  0.240404	  0.230023	

