MEME version 4

ALPHABET= ACGT

strands: + -

A 0.25000 C 0.25000 G 0.25000 T 0.25000 

MOTIF	Tgif1_2342.2_uniprobe
letter-probability matrix: alength= 4 w= 17 nsites= 20 E= 0
  0.272977	  0.158875	  0.284742	  0.283406	
  0.550609	  0.124110	  0.169608	  0.155673	
  0.114568	  0.207160	  0.282464	  0.395807	
  0.560868	  0.052907	  0.053508	  0.332716	
  0.336500	  0.068048	  0.114050	  0.481403	
  0.007736	  0.003722	  0.000495	  0.988048	
  0.004489	  0.000729	  0.992211	  0.002571	
  0.956618	  0.000414	  0.000890	  0.042078	
  0.004381	  0.990925	  0.000538	  0.004156	
  0.982797	  0.000366	  0.015539	  0.001298	
  0.016760	  0.002980	  0.969991	  0.010269	
  0.036013	  0.725983	  0.200022	  0.037982	
  0.064755	  0.104386	  0.133891	  0.696968	
  0.199404	  0.263520	  0.410228	  0.126848	
  0.222648	  0.351390	  0.272575	  0.153387	
  0.087778	  0.206043	  0.395671	  0.310507	
  0.319643	  0.144216	  0.196041	  0.340100	

