MEME version 4

ALPHABET= ACGT

strands: + -

A 0.25000 C 0.25000 G 0.25000 T 0.25000 

MOTIF	Tgif2_3451.1_uniprobe
letter-probability matrix: alength= 4 w= 16 nsites= 20 E= 0
  0.519684	  0.141807	  0.112153	  0.226356	
  0.614097	  0.079211	  0.138045	  0.168647	
  0.186975	  0.327654	  0.245051	  0.240320	
  0.108289	  0.303530	  0.219106	  0.369076	
  0.914812	  0.012014	  0.046628	  0.026546	
  0.070482	  0.163253	  0.689315	  0.076951	
  0.016354	  0.972639	  0.003648	  0.007359	
  0.002043	  0.018718	  0.000384	  0.978855	
  0.006109	  0.001408	  0.990736	  0.001747	
  0.024783	  0.002060	  0.000402	  0.972755	
  0.001485	  0.991963	  0.001756	  0.004796	
  0.989335	  0.001052	  0.002320	  0.007293	
  0.778804	  0.056366	  0.037632	  0.127198	
  0.377980	  0.094597	  0.086888	  0.440535	
  0.458125	  0.289431	  0.152762	  0.099682	
  0.223103	  0.435348	  0.216962	  0.124587	

