MEME version 4

ALPHABET= ACGT

strands: + -

A 0.25000 C 0.25000 G 0.25000 T 0.25000 

MOTIF	Titf1_1722.2_uniprobe
letter-probability matrix: alength= 4 w= 16 nsites= 20 E= 0
  0.142834	  0.324493	  0.147276	  0.385397	
  0.404842	  0.233186	  0.227659	  0.134313	
  0.677580	  0.044952	  0.178774	  0.098695	
  0.137761	  0.202622	  0.469728	  0.189889	
  0.069301	  0.825888	  0.093549	  0.011262	
  0.003882	  0.876858	  0.000966	  0.118295	
  0.904355	  0.015154	  0.001043	  0.079449	
  0.018912	  0.977464	  0.001207	  0.002417	
  0.003517	  0.004393	  0.002428	  0.989662	
  0.007151	  0.162279	  0.000584	  0.829986	
  0.192074	  0.120883	  0.670840	  0.016203	
  0.881358	  0.002039	  0.013253	  0.103349	
  0.450016	  0.333144	  0.184121	  0.032719	
  0.342018	  0.321148	  0.066945	  0.269889	
  0.209486	  0.122118	  0.046367	  0.622029	
  0.174564	  0.145894	  0.048004	  0.631539	

