MEME version 4

ALPHABET= ACGT

strands: + -

A 0.25000 C 0.25000 G 0.25000 T 0.25000 

MOTIF	Tlx2_3498.2_uniprobe
letter-probability matrix: alength= 4 w= 17 nsites= 20 E= 0
  0.105929	  0.200768	  0.276304	  0.416999	
  0.605737	  0.082484	  0.045449	  0.266331	
  0.616140	  0.070870	  0.219578	  0.093411	
  0.207168	  0.101768	  0.138909	  0.552155	
  0.205588	  0.314073	  0.063564	  0.416776	
  0.753104	  0.060249	  0.064598	  0.122049	
  0.785626	  0.028841	  0.041793	  0.143739	
  0.035001	  0.038504	  0.018619	  0.907876	
  0.039875	  0.038526	  0.009504	  0.912095	
  0.920557	  0.010057	  0.045031	  0.024356	
  0.806507	  0.031077	  0.030857	  0.131559	
  0.170184	  0.056552	  0.043413	  0.729851	
  0.630114	  0.051409	  0.080078	  0.238398	
  0.554265	  0.093528	  0.223411	  0.128796	
  0.183854	  0.390999	  0.093847	  0.331300	
  0.289988	  0.101149	  0.103803	  0.505061	
  0.400594	  0.061089	  0.136478	  0.401839	

