MEME version 4

ALPHABET= ACGT

strands: + -

A 0.25000 C 0.25000 G 0.25000 T 0.25000 

MOTIF	Vax2_3500.1_uniprobe
letter-probability matrix: alength= 4 w= 16 nsites= 20 E= 0
  0.159256	  0.236425	  0.306316	  0.298004	
  0.322785	  0.159969	  0.192187	  0.325059	
  0.256214	  0.264423	  0.269564	  0.209799	
  0.171641	  0.432503	  0.213849	  0.182007	
  0.528666	  0.131290	  0.264225	  0.075819	
  0.059907	  0.564666	  0.124323	  0.251104	
  0.007603	  0.111954	  0.001305	  0.879139	
  0.878765	  0.113811	  0.002622	  0.004803	
  0.982586	  0.002829	  0.002066	  0.012519	
  0.010185	  0.002709	  0.001617	  0.985489	
  0.004902	  0.002276	  0.015498	  0.977325	
  0.933869	  0.000737	  0.032414	  0.032981	
  0.502604	  0.192500	  0.246254	  0.058642	
  0.081680	  0.230927	  0.406754	  0.280638	
  0.343608	  0.211449	  0.313852	  0.131090	
  0.166068	  0.575574	  0.169221	  0.089137	

