MEME version 4

ALPHABET= ACGT

strands: + -

A 0.25000 C 0.25000 G 0.25000 T 0.25000 

MOTIF	Zbtb3_secondary_uniprobe
letter-probability matrix: alength= 4 w= 16 nsites= 20 E= 0
  0.110412	  0.519910	  0.162398	  0.207280	
  0.470593	  0.172893	  0.115202	  0.241311	
  0.467126	  0.160175	  0.227365	  0.145334	
  0.196112	  0.169855	  0.079068	  0.554965	
  0.198275	  0.671393	  0.026094	  0.104237	
  0.793465	  0.046739	  0.110258	  0.049538	
  0.058204	  0.867549	  0.045603	  0.028645	
  0.079471	  0.027484	  0.025248	  0.867797	
  0.032277	  0.065893	  0.827417	  0.074413	
  0.080553	  0.119144	  0.585050	  0.215253	
  0.105106	  0.470208	  0.170921	  0.253765	
  0.690158	  0.033925	  0.171121	  0.104796	
  0.299543	  0.155890	  0.362586	  0.181981	
  0.343375	  0.213360	  0.180067	  0.263198	
  0.364819	  0.149053	  0.181128	  0.305000	
  0.247818	  0.143948	  0.217882	  0.390352	

