MEME version 4

ALPHABET= ACGT

strands: + -

A 0.25000 C 0.25000 G 0.25000 T 0.25000 

MOTIF	Zfp161_primary_uniprobe
letter-probability matrix: alength= 4 w= 16 nsites= 20 E= 0
  0.142624	  0.111294	  0.283688	  0.462394	
  0.221170	  0.081404	  0.499138	  0.198288	
  0.290070	  0.042114	  0.604904	  0.062912	
  0.109755	  0.559510	  0.215454	  0.115281	
  0.111745	  0.022727	  0.850580	  0.014948	
  0.015907	  0.942291	  0.005561	  0.036241	
  0.088509	  0.003729	  0.902805	  0.004957	
  0.004957	  0.902805	  0.003729	  0.088509	
  0.036241	  0.005561	  0.942291	  0.015907	
  0.014948	  0.850580	  0.022727	  0.111745	
  0.325358	  0.049424	  0.519652	  0.105566	
  0.062912	  0.604904	  0.042114	  0.290070	
  0.214335	  0.388248	  0.125912	  0.271505	
  0.128984	  0.372787	  0.092390	  0.405839	
  0.269058	  0.098422	  0.484016	  0.148504	
  0.362176	  0.156050	  0.188642	  0.293132	

