MEME version 4

ALPHABET= ACGT

strands: + -

A 0.25000 C 0.25000 G 0.25000 T 0.25000 

MOTIF	Zfp105_secondary_uniprobe
letter-probability matrix: alength= 4 w= 17 nsites= 20 E= 0
  0.266678	  0.210793	  0.270357	  0.252172	
  0.060513	  0.387388	  0.139940	  0.412159	
  0.129835	  0.094669	  0.581455	  0.194041	
  0.222891	  0.216518	  0.374389	  0.186202	
  0.051470	  0.183173	  0.261264	  0.504093	
  0.033295	  0.098623	  0.075218	  0.792864	
  0.159222	  0.757734	  0.066213	  0.016831	
  0.909619	  0.041577	  0.030716	  0.018087	
  0.790897	  0.139370	  0.044203	  0.025531	
  0.016549	  0.121838	  0.111434	  0.750178	
  0.747907	  0.043147	  0.179106	  0.029840	
  0.696917	  0.099750	  0.098316	  0.105017	
  0.132206	  0.270741	  0.232896	  0.364158	
  0.140809	  0.132229	  0.164933	  0.562029	
  0.054822	  0.313780	  0.179755	  0.451644	
  0.144402	  0.139143	  0.255283	  0.461171	
  0.263219	  0.160957	  0.382446	  0.193379	

