MEME version 4

ALPHABET= ACGT

strands: + -

A 0.25000 C 0.25000 G 0.25000 T 0.25000 

MOTIF	Zfp128_secondary_uniprobe
letter-probability matrix: alength= 4 w= 14 nsites= 20 E= 0
  0.203176	  0.182207	  0.259961	  0.354656	
  0.127229	  0.081703	  0.530799	  0.260269	
  0.119248	  0.094240	  0.075042	  0.711470	
  0.683183	  0.041928	  0.180711	  0.094177	
  0.142001	  0.065375	  0.062671	  0.729953	
  0.682290	  0.071400	  0.131368	  0.114943	
  0.198904	  0.295014	  0.084909	  0.421172	
  0.355414	  0.137868	  0.192365	  0.314353	
  0.114943	  0.131368	  0.071400	  0.682290	
  0.729953	  0.062671	  0.065375	  0.142001	
  0.094177	  0.180711	  0.041928	  0.683183	
  0.711470	  0.075042	  0.094240	  0.119248	
  0.355186	  0.367677	  0.158507	  0.118630	
  0.200856	  0.355038	  0.246966	  0.197140	

