MEME version 4

ALPHABET= ACGT

strands: + -

A 0.25000 C 0.25000 G 0.25000 T 0.25000 

MOTIF	Zfp105_primary_uniprobe
letter-probability matrix: alength= 4 w= 15 nsites= 20 E= 0
  0.363104	  0.182807	  0.145232	  0.308856	
  0.419707	  0.133742	  0.222546	  0.224005	
  0.164481	  0.418263	  0.052397	  0.364858	
  0.715575	  0.117639	  0.064914	  0.101872	
  0.883836	  0.026985	  0.032584	  0.056596	
  0.558797	  0.151280	  0.033120	  0.256803	
  0.267037	  0.403488	  0.026746	  0.302729	
  0.939762	  0.013627	  0.034579	  0.012032	
  0.897072	  0.009878	  0.035642	  0.057408	
  0.305904	  0.516040	  0.055311	  0.122746	
  0.880940	  0.027958	  0.048350	  0.042752	
  0.710082	  0.052464	  0.040250	  0.197204	
  0.246712	  0.125155	  0.318627	  0.309506	
  0.429749	  0.181755	  0.176892	  0.211603	
  0.339643	  0.097216	  0.355250	  0.207891	

