MEME version 4

ALPHABET= ACGT

strands: + -

A 0.25000 C 0.25000 G 0.25000 T 0.25000 

MOTIF	Zfp281_secondary_uniprobe
letter-probability matrix: alength= 4 w= 17 nsites= 20 E= 0
  0.463582	  0.061604	  0.232850	  0.241964	
  0.128956	  0.062321	  0.481130	  0.327593	
  0.217730	  0.020690	  0.453776	  0.307803	
  0.535427	  0.042857	  0.149994	  0.271722	
  0.222391	  0.125415	  0.375419	  0.276775	
  0.640877	  0.065373	  0.223489	  0.070261	
  0.021896	  0.962922	  0.010999	  0.004183	
  0.033993	  0.953699	  0.002967	  0.009341	
  0.009096	  0.979346	  0.006614	  0.004944	
  0.010148	  0.971252	  0.010228	  0.008373	
  0.019605	  0.958973	  0.012496	  0.008926	
  0.752208	  0.080178	  0.046020	  0.121594	
  0.466313	  0.149124	  0.107403	  0.277160	
  0.177748	  0.055516	  0.159170	  0.607566	
  0.314879	  0.170636	  0.187525	  0.326960	
  0.322202	  0.105206	  0.230803	  0.341789	
  0.284925	  0.228846	  0.320951	  0.165278	

