MEME version 4

ALPHABET= ACGT

strands: + -

A 0.25000 C 0.25000 G 0.25000 T 0.25000 

MOTIF	Zfp281_primary_uniprobe
letter-probability matrix: alength= 4 w= 15 nsites= 20 E= 0
  0.201535	  0.165213	  0.201324	  0.431929	
  0.136153	  0.443451	  0.179132	  0.241264	
  0.263149	  0.555137	  0.067983	  0.113731	
  0.142183	  0.737634	  0.045722	  0.074461	
  0.044982	  0.884112	  0.045356	  0.025549	
  0.246434	  0.590578	  0.022655	  0.140333	
  0.123049	  0.591257	  0.033072	  0.252622	
  0.018153	  0.944742	  0.010254	  0.026851	
  0.035459	  0.953844	  0.003988	  0.006709	
  0.020000	  0.954344	  0.005966	  0.019690	
  0.015299	  0.964390	  0.006755	  0.013557	
  0.028565	  0.936152	  0.011660	  0.023623	
  0.300127	  0.517309	  0.029700	  0.152863	
  0.159063	  0.513443	  0.051834	  0.275660	
  0.158172	  0.647055	  0.133256	  0.061516	

