MEME version 4

ALPHABET= ACGT

strands: + -

A 0.25000 C 0.25000 G 0.25000 T 0.25000 

MOTIF	Zfp410_primary_uniprobe
letter-probability matrix: alength= 4 w= 17 nsites= 20 E= 0
  0.302837	  0.133017	  0.249940	  0.314205	
  0.378542	  0.186425	  0.250700	  0.184332	
  0.184780	  0.144329	  0.262766	  0.408125	
  0.308569	  0.039689	  0.235695	  0.416047	
  0.817738	  0.108938	  0.033419	  0.039905	
  0.018996	  0.007718	  0.013175	  0.960112	
  0.009278	  0.002422	  0.973921	  0.014379	
  0.005587	  0.002693	  0.985088	  0.006633	
  0.005874	  0.004232	  0.976927	  0.012967	
  0.951309	  0.011835	  0.023187	  0.013669	
  0.005927	  0.004521	  0.005701	  0.983851	
  0.146443	  0.003009	  0.840720	  0.009829	
  0.002553	  0.044504	  0.542059	  0.410884	
  0.406299	  0.375782	  0.133922	  0.083997	
  0.256884	  0.160184	  0.271190	  0.311742	
  0.388381	  0.141811	  0.214600	  0.255208	
  0.340877	  0.274387	  0.205585	  0.179151	

