MEME version 4

ALPHABET= ACGT

strands: + -

A 0.25000 C 0.25000 G 0.25000 T 0.25000 

MOTIF	Zfp691_secondary_uniprobe
letter-probability matrix: alength= 4 w= 17 nsites= 20 E= 0
  0.236868	  0.155338	  0.295091	  0.312703	
  0.522782	  0.133021	  0.177386	  0.166812	
  0.192915	  0.374870	  0.221406	  0.210809	
  0.146546	  0.199196	  0.418035	  0.236223	
  0.454326	  0.095049	  0.151770	  0.298855	
  0.027956	  0.023096	  0.878335	  0.070614	
  0.916030	  0.020358	  0.039894	  0.023717	
  0.010595	  0.938036	  0.039415	  0.011954	
  0.007271	  0.014948	  0.007990	  0.969792	
  0.014291	  0.964878	  0.011126	  0.009705	
  0.154586	  0.759294	  0.050151	  0.035969	
  0.051021	  0.268239	  0.053410	  0.627330	
  0.158293	  0.386843	  0.113152	  0.341713	
  0.281766	  0.184139	  0.187916	  0.346179	
  0.292444	  0.267259	  0.241323	  0.198974	
  0.425732	  0.262331	  0.149076	  0.162861	
  0.205385	  0.384164	  0.267912	  0.142538	

