MEME version 4

ALPHABET= ACGT

strands: + -

A 0.25000 C 0.25000 G 0.25000 T 0.25000 

MOTIF	Zfp691_primary_uniprobe
letter-probability matrix: alength= 4 w= 17 nsites= 20 E= 0
  0.099567	  0.441928	  0.195388	  0.263117	
  0.246130	  0.144776	  0.333677	  0.275418	
  0.313398	  0.260626	  0.161738	  0.264239	
  0.441985	  0.199975	  0.211839	  0.146201	
  0.122299	  0.673789	  0.078912	  0.125000	
  0.938960	  0.009295	  0.048527	  0.003217	
  0.003807	  0.001797	  0.985916	  0.008480	
  0.006543	  0.001803	  0.001788	  0.989866	
  0.014213	  0.000681	  0.981108	  0.003998	
  0.005018	  0.989568	  0.000804	  0.004610	
  0.001371	  0.007539	  0.002430	  0.988659	
  0.001686	  0.992039	  0.002898	  0.003378	
  0.516097	  0.399155	  0.057953	  0.026795	
  0.118858	  0.390408	  0.146017	  0.344717	
  0.306387	  0.166100	  0.132122	  0.395391	
  0.388407	  0.129054	  0.288224	  0.194315	
  0.308085	  0.152185	  0.160807	  0.378924	

