MEME version 4

ALPHABET= ACGT

strands: + -

A 0.25000 C 0.25000 G 0.25000 T 0.25000 

MOTIF	Zfp740_primary_uniprobe
letter-probability matrix: alength= 4 w= 16 nsites= 20 E= 0
  0.136946	  0.396508	  0.135309	  0.331236	
  0.185528	  0.417538	  0.215409	  0.181525	
  0.171276	  0.341901	  0.172832	  0.313991	
  0.145641	  0.590572	  0.146376	  0.117412	
  0.138035	  0.660416	  0.114016	  0.087533	
  0.222728	  0.750532	  0.007528	  0.019212	
  0.024633	  0.963314	  0.001894	  0.010159	
  0.009557	  0.979956	  0.000642	  0.009844	
  0.010416	  0.977424	  0.000541	  0.011619	
  0.026401	  0.956740	  0.001544	  0.015314	
  0.195502	  0.755959	  0.011060	  0.037480	
  0.491291	  0.364785	  0.025613	  0.118311	
  0.305153	  0.398160	  0.071680	  0.225008	
  0.253497	  0.232647	  0.213246	  0.300610	
  0.156964	  0.297876	  0.144683	  0.400477	
  0.179549	  0.292514	  0.319462	  0.208475	

