MEME version 4

ALPHABET= ACGT

strands: + -

A 0.25000 C 0.25000 G 0.25000 T 0.25000 

MOTIF	Zic1_primary_uniprobe
letter-probability matrix: alength= 4 w= 14 nsites= 20 E= 0
  0.174040	  0.367918	  0.270176	  0.187866	
  0.359560	  0.309872	  0.111047	  0.219520	
  0.094468	  0.790352	  0.026034	  0.089145	
  0.114860	  0.779490	  0.050895	  0.054755	
  0.105195	  0.837712	  0.031857	  0.025237	
  0.045234	  0.825039	  0.073990	  0.055737	
  0.145555	  0.592986	  0.228415	  0.033044	
  0.045273	  0.175001	  0.607615	  0.172111	
  0.055737	  0.073990	  0.825039	  0.045234	
  0.025237	  0.031857	  0.837712	  0.105195	
  0.054755	  0.050895	  0.779490	  0.114860	
  0.089145	  0.026034	  0.790352	  0.094468	
  0.060833	  0.067787	  0.717352	  0.154028	
  0.097742	  0.194545	  0.591608	  0.116104	

