MEME version 4

ALPHABET= ACGT

strands: + -

A 0.25000 C 0.25000 G 0.25000 T 0.25000 

MOTIF	Zic1_secondary_uniprobe
letter-probability matrix: alength= 4 w= 15 nsites= 20 E= 0
  0.161683	  0.405114	  0.171743	  0.261460	
  0.259478	  0.357988	  0.146793	  0.235741	
  0.371334	  0.026439	  0.283598	  0.318630	
  0.092229	  0.883389	  0.018758	  0.005623	
  0.419591	  0.169874	  0.253266	  0.157270	
  0.002985	  0.976375	  0.002722	  0.017918	
  0.909381	  0.021357	  0.013299	  0.055963	
  0.039418	  0.007014	  0.948302	  0.005266	
  0.001711	  0.845894	  0.005756	  0.146640	
  0.803792	  0.003049	  0.148687	  0.044472	
  0.015314	  0.017153	  0.680239	  0.287294	
  0.003793	  0.011414	  0.937403	  0.047390	
  0.431916	  0.266291	  0.144154	  0.157638	
  0.269331	  0.239338	  0.366817	  0.124513	
  0.395873	  0.103980	  0.214796	  0.285351	

