MEME version 4

ALPHABET= ACGT

strands: + -

A 0.25000 C 0.25000 G 0.25000 T 0.25000 

MOTIF	Zic2_secondary_uniprobe
letter-probability matrix: alength= 4 w= 15 nsites= 20 E= 0
  0.201522	  0.336845	  0.183740	  0.277892	
  0.238705	  0.354378	  0.165332	  0.241585	
  0.350858	  0.031427	  0.308482	  0.309233	
  0.104423	  0.870794	  0.018676	  0.006107	
  0.313246	  0.259944	  0.277570	  0.149241	
  0.003590	  0.973377	  0.002520	  0.020513	
  0.899716	  0.025489	  0.015458	  0.059336	
  0.049224	  0.006415	  0.938214	  0.006147	
  0.002021	  0.859631	  0.007903	  0.130445	
  0.772818	  0.002659	  0.187334	  0.037190	
  0.008456	  0.015170	  0.594695	  0.381679	
  0.004118	  0.009188	  0.961506	  0.025188	
  0.367151	  0.230955	  0.204475	  0.197419	
  0.267508	  0.193660	  0.430070	  0.108762	
  0.444449	  0.099127	  0.212182	  0.244241	

