MEME version 4

ALPHABET= ACGT

strands: + -

A 0.288 C 0.212 G 0.212 T 0.288

MOTIF	ZNF143|STAF_homer(Zf)/CUTLL-ZNF143-ChIP-Seq(GSE29600)/Homer
letter-probability matrix: alength= 4
0.536	0.180	0.148	0.136
0.263	0.177	0.135	0.425
0.063	0.340	0.087	0.510
0.182	0.052	0.011	0.755
0.001	0.997	0.001	0.001
0.001	0.997	0.001	0.001
0.001	0.997	0.001	0.001
0.936	0.001	0.059	0.004
0.042	0.114	0.527	0.317
0.367	0.307	0.313	0.013
0.804	0.045	0.148	0.003
0.078	0.022	0.410	0.490
0.028	0.380	0.484	0.107
0.001	0.997	0.001	0.001
0.234	0.386	0.015	0.366

