MEME version 4

ALPHABET= ACGT

strands: + -

A 0.25000 C 0.25000 G 0.25000 T 0.25000 

MOTIF	Zscan4_primary_uniprobe
letter-probability matrix: alength= 4 w= 17 nsites= 20 E= 0
  0.203927	  0.157260	  0.307071	  0.331743	
  0.360341	  0.265216	  0.147327	  0.227115	
  0.251195	  0.298806	  0.241051	  0.208949	
  0.487186	  0.122472	  0.214362	  0.175980	
  0.122838	  0.051062	  0.055773	  0.770327	
  0.020467	  0.009992	  0.965816	  0.003725	
  0.005887	  0.026663	  0.006808	  0.960643	
  0.030656	  0.002167	  0.965099	  0.002078	
  0.002078	  0.965099	  0.002167	  0.030656	
  0.960643	  0.006808	  0.026663	  0.005887	
  0.003725	  0.965816	  0.009992	  0.020467	
  0.770327	  0.055773	  0.051062	  0.122838	
  0.044808	  0.382307	  0.042920	  0.529965	
  0.751320	  0.047417	  0.044482	  0.156781	
  0.362742	  0.228898	  0.085373	  0.322987	
  0.436635	  0.111479	  0.217284	  0.234601	
  0.303930	  0.285374	  0.195872	  0.214824	

