MEME version 4

ALPHABET= ACGT

strands: + -

A 0.25000 C 0.25000 G 0.25000 T 0.25000 

MOTIF	Zscan4_secondary_uniprobe
letter-probability matrix: alength= 4 w= 16 nsites= 20 E= 0
  0.275231	  0.387763	  0.112851	  0.224155	
  0.269193	  0.327669	  0.360934	  0.042204	
  0.439403	  0.233641	  0.022359	  0.304596	
  0.409796	  0.139856	  0.390450	  0.059899	
  0.038409	  0.011231	  0.936209	  0.014150	
  0.067382	  0.909014	  0.021244	  0.002359	
  0.962897	  0.009563	  0.009687	  0.017854	
  0.043757	  0.937596	  0.007648	  0.010999	
  0.970698	  0.005379	  0.016825	  0.007098	
  0.066033	  0.636556	  0.043955	  0.253456	
  0.797406	  0.066726	  0.011988	  0.123879	
  0.774632	  0.121694	  0.017773	  0.085901	
  0.324017	  0.235408	  0.213365	  0.227210	
  0.365796	  0.192247	  0.134547	  0.307410	
  0.299601	  0.246867	  0.098395	  0.355137	
  0.328229	  0.242048	  0.251143	  0.178579	

