MEME version 4

ALPHABET= ACGT

strands: + -

A 0.25000 C 0.25000 G 0.25000 T 0.25000 

MOTIF	Arid5a_primary_uniprobe
letter-probability matrix: alength= 4 w= 14 nsites= 20 E= 0
  0.177323	  0.428313	  0.229036	  0.165328	
  0.160222	  0.324571	  0.032445	  0.482762	
  0.852203	  0.026733	  0.073955	  0.047109	
  0.961249	  0.003798	  0.010118	  0.024835	
  0.056540	  0.004008	  0.007877	  0.931575	
  0.930331	  0.005138	  0.007138	  0.057393	
  0.019951	  0.014189	  0.006789	  0.959072	
  0.041132	  0.087506	  0.039025	  0.832338	
  0.233919	  0.027935	  0.519605	  0.218541	
  0.339577	  0.352988	  0.184316	  0.123119	
  0.285389	  0.134719	  0.268289	  0.311602	
  0.572143	  0.078418	  0.190434	  0.159005	
  0.285669	  0.184068	  0.262199	  0.268064	
  0.342799	  0.230460	  0.153946	  0.272795	

