MEME version 4

ALPHABET= ACGT

strands: + -

A 0.25000 C 0.25000 G 0.25000 T 0.25000 

MOTIF	Arx_1738.2_uniprobe
letter-probability matrix: alength= 4 w= 17 nsites= 20 E= 0
  0.238876	  0.221137	  0.397920	  0.142067	
  0.132893	  0.156333	  0.189665	  0.521110	
  0.157988	  0.365000	  0.288828	  0.188184	
  0.216183	  0.556087	  0.125510	  0.102220	
  0.495201	  0.059335	  0.376225	  0.069239	
  0.013346	  0.377209	  0.006041	  0.603404	
  0.007354	  0.126436	  0.002574	  0.863636	
  0.984414	  0.004685	  0.004438	  0.006464	
  0.985317	  0.002086	  0.007120	  0.005477	
  0.005477	  0.007120	  0.002086	  0.985317	
  0.006464	  0.004438	  0.004685	  0.984414	
  0.863636	  0.002574	  0.126436	  0.007354	
  0.603404	  0.006041	  0.377209	  0.013346	
  0.157440	  0.162371	  0.139647	  0.540542	
  0.175885	  0.113000	  0.443149	  0.267966	
  0.089447	  0.363847	  0.370723	  0.175983	
  0.530416	  0.096868	  0.069497	  0.303219	

