MEME version 4

ALPHABET= ACGT

strands: + -

A 0.25000 C 0.25000 G 0.25000 T 0.25000 

MOTIF	Ascl2_secondary_uniprobe
letter-probability matrix: alength= 4 w= 16 nsites= 20 E= 0
  0.114462	  0.345602	  0.289353	  0.250583	
  0.192593	  0.250844	  0.116250	  0.440313	
  0.338838	  0.304929	  0.195843	  0.160390	
  0.312051	  0.115094	  0.162465	  0.410390	
  0.143975	  0.600492	  0.123348	  0.132185	
  0.078751	  0.715072	  0.135182	  0.070995	
  0.146191	  0.685571	  0.069799	  0.098439	
  0.137287	  0.646078	  0.126428	  0.090207	
  0.335099	  0.092260	  0.371510	  0.201131	
  0.033090	  0.631176	  0.074278	  0.261456	
  0.117516	  0.619336	  0.100946	  0.162202	
  0.114769	  0.627362	  0.089839	  0.168031	
  0.195787	  0.252057	  0.220803	  0.331353	
  0.415355	  0.120731	  0.281372	  0.182542	
  0.111178	  0.217079	  0.245769	  0.425974	
  0.191517	  0.296952	  0.153370	  0.358162	

