MEME version 4

ALPHABET= ACGT

strands: + -

A 0.25000 C 0.25000 G 0.25000 T 0.25000 

MOTIF	Ascl2_primary_uniprobe
letter-probability matrix: alength= 4 w= 17 nsites= 20 E= 0
  0.168852	  0.325948	  0.188604	  0.316596	
  0.150343	  0.193286	  0.241301	  0.415069	
  0.091518	  0.482905	  0.122928	  0.302648	
  0.472493	  0.198776	  0.225796	  0.102935	
  0.294513	  0.179919	  0.447250	  0.078318	
  0.014660	  0.972080	  0.005591	  0.007668	
  0.954848	  0.008107	  0.008474	  0.028571	
  0.006076	  0.178912	  0.760021	  0.054991	
  0.052082	  0.817415	  0.124797	  0.005707	
  0.019342	  0.010406	  0.008905	  0.961347	
  0.005455	  0.008073	  0.977684	  0.008788	
  0.042946	  0.715551	  0.087020	  0.154483	
  0.116888	  0.241739	  0.170073	  0.471300	
  0.315931	  0.324343	  0.291451	  0.068274	
  0.199164	  0.366921	  0.163690	  0.270226	
  0.218561	  0.211076	  0.187732	  0.382631	
  0.145317	  0.139808	  0.389262	  0.325614	

