MEME version 4

ALPHABET= ACGT

strands: + -

A 0.25000 C 0.25000 G 0.25000 T 0.25000 

MOTIF	Atf1_primary_uniprobe
letter-probability matrix: alength= 4 w= 16 nsites= 20 E= 0
  0.381335	  0.135129	  0.244887	  0.238648	
  0.139538	  0.419619	  0.195665	  0.245178	
  0.158070	  0.098493	  0.409974	  0.333462	
  0.472756	  0.096594	  0.388246	  0.042403	
  0.008868	  0.028811	  0.005332	  0.956990	
  0.014102	  0.014269	  0.863476	  0.108153	
  0.962594	  0.004653	  0.011816	  0.020937	
  0.003091	  0.949099	  0.003165	  0.044646	
  0.044646	  0.003165	  0.949099	  0.003091	
  0.020937	  0.011816	  0.004653	  0.962594	
  0.108153	  0.863476	  0.014269	  0.014102	
  0.956990	  0.005332	  0.028811	  0.008868	
  0.049761	  0.357863	  0.144826	  0.447550	
  0.225769	  0.448432	  0.142340	  0.183460	
  0.264766	  0.097627	  0.493031	  0.144576	
  0.352319	  0.180279	  0.236767	  0.230635	

