MEME version 4

ALPHABET= ACGT

strands: + -

A 0.25000 C 0.25000 G 0.25000 T 0.25000 

MOTIF	Barx2_3447.2_uniprobe
letter-probability matrix: alength= 4 w= 16 nsites= 20 E= 0
  0.192206	  0.148293	  0.146006	  0.513495	
  0.514524	  0.165001	  0.119088	  0.201388	
  0.632530	  0.111560	  0.231101	  0.024809	
  0.105387	  0.198613	  0.385537	  0.310463	
  0.005663	  0.269485	  0.001278	  0.723575	
  0.959372	  0.029759	  0.003956	  0.006913	
  0.978443	  0.007610	  0.003443	  0.010504	
  0.010504	  0.003443	  0.007610	  0.978443	
  0.006913	  0.003956	  0.029759	  0.959372	
  0.723575	  0.001278	  0.269485	  0.005663	
  0.270117	  0.230775	  0.347509	  0.151599	
  0.024809	  0.231101	  0.111560	  0.632530	
  0.099244	  0.102528	  0.381140	  0.417088	
  0.343508	  0.100561	  0.320672	  0.235259	
  0.178539	  0.197399	  0.105087	  0.518976	
  0.383123	  0.112330	  0.329672	  0.174876	

