MEME version 4

ALPHABET= ACGT

strands: + -

A 0.25000 C 0.25000 G 0.25000 T 0.25000 

MOTIF	Bbx_secondary_uniprobe
letter-probability matrix: alength= 4 w= 17 nsites= 20 E= 0
  0.198665	  0.226452	  0.178091	  0.396792	
  0.303100	  0.271940	  0.341965	  0.082996	
  0.485689	  0.146789	  0.061383	  0.306139	
  0.220175	  0.274625	  0.207682	  0.297518	
  0.163114	  0.264054	  0.262613	  0.310218	
  0.074776	  0.044219	  0.808086	  0.072919	
  0.061317	  0.029647	  0.094262	  0.814774	
  0.047386	  0.103231	  0.045272	  0.804111	
  0.815482	  0.052556	  0.087540	  0.044422	
  0.748924	  0.178468	  0.026304	  0.046303	
  0.162082	  0.694436	  0.035034	  0.108448	
  0.641927	  0.140862	  0.156431	  0.060780	
  0.142548	  0.265771	  0.421667	  0.170014	
  0.280841	  0.232137	  0.159362	  0.327660	
  0.167379	  0.234928	  0.287554	  0.310139	
  0.295358	  0.126213	  0.392756	  0.185673	
  0.281157	  0.210000	  0.368828	  0.140015	

