MEME version 4

ALPHABET= ACGT

strands: + -

A 0.25000 C 0.25000 G 0.25000 T 0.25000 

MOTIF	Bhlhb2_secondary_uniprobe
letter-probability matrix: alength= 4 w= 23 nsites= 20 E= 0
  0.120938	  0.344851	  0.124072	  0.410138	
  0.220931	  0.169844	  0.422396	  0.186829	
  0.127752	  0.260812	  0.103811	  0.507625	
  0.140641	  0.405473	  0.287668	  0.166218	
  0.296957	  0.155579	  0.301094	  0.246370	
  0.219647	  0.287193	  0.154072	  0.339087	
  0.049294	  0.026059	  0.121789	  0.802859	
  0.520042	  0.289284	  0.173423	  0.017251	
  0.049190	  0.943472	  0.004308	  0.003030	
  0.902609	  0.006767	  0.074770	  0.015854	
  0.003221	  0.971329	  0.005512	  0.019937	
  0.019937	  0.005512	  0.971329	  0.003221	
  0.015854	  0.074770	  0.006767	  0.902609	
  0.003030	  0.004308	  0.943472	  0.049190	
  0.003497	  0.088920	  0.685942	  0.221641	
  0.802859	  0.121789	  0.026059	  0.049294	
  0.334544	  0.155170	  0.275193	  0.235092	
  0.275957	  0.132104	  0.454982	  0.136957	
  0.134097	  0.254352	  0.422940	  0.188611	
  0.396163	  0.432784	  0.051281	  0.119772	
  0.276474	  0.115627	  0.419844	  0.188056	
  0.160759	  0.088061	  0.649863	  0.101318	
  0.203314	  0.166595	  0.106821	  0.523270	

