MEME version 4

ALPHABET= ACGT

strands: + -

A 0.25000 C 0.25000 G 0.25000 T 0.25000 

MOTIF	Bsx_3483.2_uniprobe
letter-probability matrix: alength= 4 w= 16 nsites= 20 E= 0
  0.300810	  0.361653	  0.277518	  0.060019	
  0.415580	  0.269576	  0.248677	  0.066167	
  0.276307	  0.071112	  0.495444	  0.157137	
  0.205201	  0.128060	  0.449377	  0.217362	
  0.005975	  0.454761	  0.000446	  0.538819	
  0.923080	  0.052108	  0.022468	  0.002344	
  0.980320	  0.011144	  0.004548	  0.003988	
  0.003988	  0.004548	  0.011144	  0.980320	
  0.002344	  0.022468	  0.052108	  0.923080	
  0.538819	  0.000446	  0.454761	  0.005975	
  0.198577	  0.320840	  0.276798	  0.203784	
  0.157137	  0.495444	  0.071112	  0.276307	
  0.138722	  0.188316	  0.180010	  0.492952	
  0.211637	  0.368966	  0.311498	  0.107899	
  0.746067	  0.051554	  0.127512	  0.074866	
  0.287674	  0.124689	  0.315447	  0.272190	

