MEME version 4

ALPHABET= ACGT

strands: + -

A 0.25000 C 0.25000 G 0.25000 T 0.25000 

MOTIF	Cart1_0997.1_uniprobe
letter-probability matrix: alength= 4 w= 17 nsites= 20 E= 0
  0.187425	  0.443756	  0.172561	  0.196258	
  0.068380	  0.210259	  0.650769	  0.070592	
  0.378047	  0.325348	  0.141621	  0.154985	
  0.434706	  0.093162	  0.306118	  0.166014	
  0.046895	  0.404774	  0.023080	  0.525251	
  0.008150	  0.072834	  0.000916	  0.918100	
  0.984483	  0.004558	  0.008832	  0.002127	
  0.981322	  0.000876	  0.008645	  0.009157	
  0.009157	  0.008645	  0.000876	  0.981322	
  0.002127	  0.008832	  0.004558	  0.984483	
  0.918100	  0.000916	  0.072834	  0.008150	
  0.525251	  0.023080	  0.404774	  0.046895	
  0.149045	  0.209192	  0.110691	  0.531072	
  0.227189	  0.319152	  0.160245	  0.293414	
  0.391690	  0.313274	  0.122861	  0.172176	
  0.242384	  0.290084	  0.230940	  0.236593	
  0.149571	  0.396789	  0.144698	  0.308942	

