MEME version 4

ALPHABET= ACGT

strands: + -

A 0.25000 C 0.25000 G 0.25000 T 0.25000 

MOTIF	Cart1_1275.1_uniprobe
letter-probability matrix: alength= 4 w= 17 nsites= 20 E= 0
  0.174228	  0.405147	  0.202170	  0.218455	
  0.331733	  0.212442	  0.354746	  0.101079	
  0.290109	  0.464436	  0.102109	  0.143345	
  0.324855	  0.197475	  0.263554	  0.214115	
  0.019305	  0.239061	  0.005295	  0.736339	
  0.012026	  0.040154	  0.001156	  0.946665	
  0.983755	  0.004621	  0.007505	  0.004119	
  0.983406	  0.001514	  0.006838	  0.008243	
  0.008243	  0.006838	  0.001514	  0.983406	
  0.004119	  0.007505	  0.004621	  0.983755	
  0.946665	  0.001156	  0.040154	  0.012026	
  0.736339	  0.005295	  0.239061	  0.019305	
  0.157480	  0.215050	  0.202348	  0.425122	
  0.171867	  0.233589	  0.189747	  0.404797	
  0.242310	  0.198939	  0.323931	  0.234820	
  0.255291	  0.206290	  0.287603	  0.250816	
  0.270197	  0.339148	  0.213086	  0.177569	

