MEME version 4

ALPHABET= ACGT

strands: + -

A 0.25000 C 0.25000 G 0.25000 T 0.25000 

MOTIF	Cdx1_2245.1_uniprobe
letter-probability matrix: alength= 4 w= 16 nsites= 20 E= 0
  0.291355	  0.151940	  0.179692	  0.377013	
  0.387797	  0.102678	  0.306996	  0.202529	
  0.400923	  0.248207	  0.238260	  0.112610	
  0.142484	  0.055838	  0.727508	  0.074170	
  0.126833	  0.033479	  0.828628	  0.011060	
  0.009027	  0.282657	  0.002261	  0.706056	
  0.492447	  0.469548	  0.001666	  0.036340	
  0.819860	  0.003148	  0.174822	  0.002170	
  0.006463	  0.003298	  0.003083	  0.987157	
  0.738256	  0.008651	  0.001939	  0.251154	
  0.918083	  0.001651	  0.003667	  0.076598	
  0.938710	  0.007660	  0.003592	  0.050038	
  0.643683	  0.109772	  0.051867	  0.194678	
  0.163809	  0.229090	  0.173213	  0.433888	
  0.137902	  0.107611	  0.261515	  0.492971	
  0.357358	  0.214435	  0.101054	  0.327153	

