MEME version 4

ALPHABET= ACGT

strands: + -

A 0.25000 C 0.25000 G 0.25000 T 0.25000 

MOTIF	Crx_3485.1_uniprobe
letter-probability matrix: alength= 4 w= 16 nsites= 20 E= 0
  0.090571	  0.470784	  0.132533	  0.306112	
  0.097553	  0.215274	  0.380528	  0.306645	
  0.329642	  0.096126	  0.139164	  0.435068	
  0.256197	  0.120190	  0.173105	  0.450508	
  0.092558	  0.110352	  0.731426	  0.065664	
  0.091713	  0.267719	  0.595502	  0.045066	
  0.043905	  0.002927	  0.952004	  0.001165	
  0.003160	  0.002104	  0.990877	  0.003859	
  0.959206	  0.038974	  0.000375	  0.001444	
  0.003080	  0.004243	  0.000706	  0.991971	
  0.015557	  0.002685	  0.000597	  0.981161	
  0.979685	  0.000442	  0.002645	  0.017227	
  0.372459	  0.028457	  0.403587	  0.195497	
  0.092995	  0.682203	  0.100835	  0.123967	
  0.103130	  0.522168	  0.231711	  0.142992	
  0.194271	  0.158404	  0.247437	  0.399888	

