MEME version 4

ALPHABET= ACGT

strands: + -

A 0.25000 C 0.25000 G 0.25000 T 0.25000 

MOTIF	Cutl1_3494.1_uniprobe
letter-probability matrix: alength= 4 w= 17 nsites= 20 E= 0
  0.592353	  0.064229	  0.272635	  0.070783	
  0.108549	  0.536240	  0.218803	  0.136408	
  0.156379	  0.513220	  0.118324	  0.212077	
  0.233257	  0.154485	  0.518141	  0.094117	
  0.285357	  0.186274	  0.422798	  0.105572	
  0.131793	  0.162240	  0.089519	  0.616448	
  0.084407	  0.071794	  0.012238	  0.831561	
  0.294613	  0.014641	  0.666617	  0.024128	
  0.963648	  0.005910	  0.017368	  0.013073	
  0.020306	  0.007870	  0.006055	  0.965770	
  0.060081	  0.605587	  0.016357	  0.317975	
  0.800615	  0.056800	  0.007221	  0.135365	
  0.307425	  0.354719	  0.110635	  0.227221	
  0.129991	  0.476432	  0.296042	  0.097535	
  0.353920	  0.081566	  0.154208	  0.410306	
  0.131003	  0.287241	  0.305199	  0.276557	
  0.407263	  0.103473	  0.297376	  0.191887	

