MEME version 4

ALPHABET= ACGT

strands: + -

A 0.25000 C 0.25000 G 0.25000 T 0.25000 

MOTIF	Dbx1_3486.1_uniprobe
letter-probability matrix: alength= 4 w= 17 nsites= 20 E= 0
  0.193358	  0.228955	  0.160692	  0.416995	
  0.611960	  0.068099	  0.048494	  0.271446	
  0.459770	  0.057385	  0.307824	  0.175021	
  0.226103	  0.127408	  0.101076	  0.545413	
  0.241226	  0.228640	  0.067165	  0.462969	
  0.621421	  0.137382	  0.078412	  0.162785	
  0.737972	  0.031899	  0.051833	  0.178295	
  0.110802	  0.098497	  0.073668	  0.717033	
  0.129567	  0.110629	  0.036048	  0.723756	
  0.729342	  0.031636	  0.088480	  0.150541	
  0.540257	  0.104927	  0.048065	  0.306750	
  0.195987	  0.148698	  0.098709	  0.556606	
  0.587529	  0.072583	  0.170635	  0.169252	
  0.497416	  0.161804	  0.219409	  0.121371	
  0.278831	  0.114362	  0.139037	  0.467771	
  0.297462	  0.189119	  0.187754	  0.325665	
  0.397268	  0.140582	  0.287428	  0.174722	

