MEME version 4

ALPHABET= ACGT

strands: + -

A 0.25000 C 0.25000 G 0.25000 T 0.25000 

MOTIF	Dbx2_3487.1_uniprobe
letter-probability matrix: alength= 4 w= 16 nsites= 20 E= 0
  0.138747	  0.266314	  0.268669	  0.326270	
  0.241422	  0.088161	  0.317712	  0.352705	
  0.221541	  0.241890	  0.202870	  0.333699	
  0.444413	  0.290330	  0.040766	  0.224491	
  0.695709	  0.072849	  0.081666	  0.149776	
  0.175734	  0.117077	  0.096001	  0.611188	
  0.057014	  0.123886	  0.002905	  0.816195	
  0.933149	  0.008564	  0.017363	  0.040923	
  0.954413	  0.005272	  0.018428	  0.021886	
  0.025939	  0.004825	  0.006137	  0.963099	
  0.028739	  0.017763	  0.286425	  0.667073	
  0.725662	  0.009751	  0.154352	  0.110235	
  0.443259	  0.108138	  0.204468	  0.244136	
  0.036243	  0.090196	  0.279863	  0.593698	
  0.273703	  0.158370	  0.142573	  0.425353	
  0.281198	  0.352994	  0.170669	  0.195139	

