MEME version 4

ALPHABET= ACGT

strands: + -

A 0.25000 C 0.25000 G 0.25000 T 0.25000 

MOTIF	Dlx4_3488.2_uniprobe
letter-probability matrix: alength= 4 w= 17 nsites= 20 E= 0
  0.148890	  0.250744	  0.298395	  0.301970	
  0.196587	  0.552942	  0.118457	  0.132014	
  0.300532	  0.225189	  0.321815	  0.152464	
  0.220403	  0.484478	  0.170471	  0.124648	
  0.282659	  0.126893	  0.291900	  0.298548	
  0.543480	  0.066796	  0.238211	  0.151513	
  0.008757	  0.043674	  0.001328	  0.946241	
  0.965904	  0.003560	  0.005827	  0.024709	
  0.991903	  0.001679	  0.003111	  0.003308	
  0.005813	  0.003047	  0.002398	  0.988742	
  0.009065	  0.005398	  0.012094	  0.973444	
  0.760080	  0.001219	  0.230062	  0.008640	
  0.196565	  0.523905	  0.138530	  0.141000	
  0.291872	  0.485094	  0.060293	  0.162741	
  0.173083	  0.264513	  0.398406	  0.163998	
  0.496161	  0.139574	  0.111645	  0.252620	
  0.216899	  0.530982	  0.122796	  0.129323	

