MEME version 4

ALPHABET= ACGT

strands: + -

A 0.25000 C 0.25000 G 0.25000 T 0.25000 

MOTIF	Dlx5_3419.2_uniprobe
letter-probability matrix: alength= 4 w= 16 nsites= 20 E= 0
  0.114955	  0.288943	  0.371978	  0.224124	
  0.169096	  0.288573	  0.369197	  0.173134	
  0.282390	  0.173026	  0.491483	  0.053101	
  0.180387	  0.140549	  0.586337	  0.092727	
  0.007469	  0.376843	  0.000839	  0.614849	
  0.973800	  0.015840	  0.004287	  0.006072	
  0.980928	  0.003724	  0.006717	  0.008631	
  0.008631	  0.006717	  0.003724	  0.980928	
  0.006072	  0.004287	  0.015840	  0.973800	
  0.614849	  0.000839	  0.376843	  0.007469	
  0.190566	  0.253936	  0.374175	  0.181323	
  0.053101	  0.491483	  0.173026	  0.282390	
  0.073550	  0.171251	  0.369144	  0.386055	
  0.263327	  0.337879	  0.228302	  0.170491	
  0.152961	  0.219619	  0.217279	  0.410141	
  0.190065	  0.274711	  0.345273	  0.189951	

