MEME version 4

ALPHABET= ACGT

strands: + -

A 0.25000 C 0.25000 G 0.25000 T 0.25000 

MOTIF	Dobox4_3956.2_uniprobe
letter-probability matrix: alength= 4 w= 17 nsites= 20 E= 0
  0.264302	  0.211442	  0.173361	  0.350895	
  0.413224	  0.116602	  0.116602	  0.353572	
  0.486656	  0.190855	  0.148590	  0.173900	
  0.503388	  0.062728	  0.128222	  0.305661	
  0.084825	  0.015745	  0.170672	  0.728758	
  0.856596	  0.001753	  0.045684	  0.095967	
  0.052745	  0.001652	  0.828687	  0.116917	
  0.985176	  0.012392	  0.001483	  0.000949	
  0.011350	  0.100275	  0.009362	  0.879013	
  0.764353	  0.230179	  0.001125	  0.004343	
  0.001443	  0.952663	  0.005512	  0.040382	
  0.008496	  0.966240	  0.002248	  0.023017	
  0.076925	  0.757970	  0.008043	  0.157062	
  0.097162	  0.473715	  0.088219	  0.340904	
  0.392557	  0.078339	  0.147795	  0.381309	
  0.055342	  0.079606	  0.149083	  0.715969	
  0.369817	  0.112894	  0.219338	  0.297952	

