MEME version 4

ALPHABET= ACGT

strands: + -

A 0.25000 C 0.25000 G 0.25000 T 0.25000 

MOTIF	Dobox5_3493.1_uniprobe
letter-probability matrix: alength= 4 w= 17 nsites= 20 E= 0
  0.318006	  0.161296	  0.325541	  0.195157	
  0.313601	  0.083023	  0.377870	  0.225506	
  0.298208	  0.282086	  0.190012	  0.229693	
  0.484557	  0.174619	  0.249175	  0.091650	
  0.178941	  0.025979	  0.771418	  0.023662	
  0.048080	  0.001644	  0.948807	  0.001469	
  0.008069	  0.000908	  0.985703	  0.005321	
  0.964141	  0.032554	  0.000312	  0.002993	
  0.003637	  0.002849	  0.001283	  0.992231	
  0.006297	  0.007784	  0.000276	  0.985643	
  0.930090	  0.000696	  0.000899	  0.068314	
  0.815261	  0.006992	  0.154272	  0.023474	
  0.057969	  0.177555	  0.096246	  0.668231	
  0.236979	  0.285921	  0.057746	  0.419354	
  0.347812	  0.200757	  0.249827	  0.201604	
  0.239503	  0.153155	  0.096118	  0.511224	
  0.234875	  0.401818	  0.136916	  0.226391	

