MEME version 4

ALPHABET= ACGT

strands: + -

A 0.25000 C 0.25000 G 0.25000 T 0.25000 

MOTIF	Duxl_1286.2_uniprobe
letter-probability matrix: alength= 4 w= 17 nsites= 20 E= 0
  0.059324	  0.549998	  0.101788	  0.288890	
  0.350238	  0.047771	  0.474127	  0.127863	
  0.770996	  0.015441	  0.164902	  0.048661	
  0.063151	  0.673997	  0.105494	  0.157359	
  0.021548	  0.664224	  0.091845	  0.222383	
  0.002154	  0.741020	  0.002050	  0.254777	
  0.987687	  0.008317	  0.000992	  0.003004	
  0.973679	  0.023948	  0.000878	  0.001495	
  0.002325	  0.007546	  0.001364	  0.988764	
  0.001171	  0.979424	  0.000772	  0.018633	
  0.968044	  0.001410	  0.000963	  0.029583	
  0.830222	  0.031401	  0.088899	  0.049478	
  0.053145	  0.528291	  0.175613	  0.242950	
  0.245422	  0.250649	  0.275044	  0.228886	
  0.314555	  0.186237	  0.342207	  0.157002	
  0.279193	  0.196590	  0.151908	  0.372310	
  0.199093	  0.291226	  0.335413	  0.174267	

