MEME version 4

ALPHABET= ACGT

strands: + -

A 0.25000 C 0.25000 G 0.25000 T 0.25000 

MOTIF	Egr1_primary_uniprobe
letter-probability matrix: alength= 4 w= 14 nsites= 20 E= 0
  0.211547	  0.282708	  0.203472	  0.302273	
  0.141988	  0.722437	  0.054854	  0.080721	
  0.032605	  0.877172	  0.012432	  0.077792	
  0.115126	  0.070606	  0.781290	  0.032979	
  0.003516	  0.990021	  0.002265	  0.004198	
  0.004715	  0.982482	  0.009897	  0.002906	
  0.001627	  0.975937	  0.001662	  0.020774	
  0.262352	  0.731732	  0.002730	  0.003187	
  0.005890	  0.985756	  0.002081	  0.006273	
  0.022893	  0.090460	  0.649322	  0.237324	
  0.023038	  0.859949	  0.037913	  0.079101	
  0.567633	  0.057394	  0.166792	  0.208181	
  0.176597	  0.331265	  0.125308	  0.366830	
  0.183049	  0.183774	  0.226793	  0.406384	

