MEME version 4

ALPHABET= ACGT

strands: + -

A 0.25000 C 0.25000 G 0.25000 T 0.25000 

MOTIF	Egr1_secondary_uniprobe
letter-probability matrix: alength= 4 w= 16 nsites= 20 E= 0
  0.182057	  0.230014	  0.276532	  0.311397	
  0.122004	  0.156883	  0.366166	  0.354947	
  0.209446	  0.335433	  0.185677	  0.269444	
  0.140035	  0.276547	  0.302466	  0.280952	
  0.124879	  0.019371	  0.809895	  0.045854	
  0.647807	  0.117014	  0.183956	  0.051224	
  0.021434	  0.011745	  0.954633	  0.012188	
  0.017853	  0.009441	  0.315429	  0.657277	
  0.166123	  0.008326	  0.807215	  0.018337	
  0.022775	  0.008972	  0.947283	  0.020970	
  0.038795	  0.033592	  0.781209	  0.146405	
  0.728916	  0.032888	  0.088836	  0.149360	
  0.197826	  0.427858	  0.055755	  0.318561	
  0.264938	  0.196184	  0.092516	  0.446362	
  0.267969	  0.195624	  0.318766	  0.217641	
  0.225006	  0.250404	  0.267265	  0.257324	

