MEME version 4

ALPHABET= ACGT

strands: + -

A 0.25000 C 0.25000 G 0.25000 T 0.25000 

MOTIF	Ehf_primary_uniprobe
letter-probability matrix: alength= 4 w= 15 nsites= 20 E= 0
  0.327238	  0.304037	  0.232174	  0.136551	
  0.198306	  0.222758	  0.316421	  0.262515	
  0.252373	  0.217079	  0.267210	  0.263337	
  0.633781	  0.039800	  0.036914	  0.289504	
  0.160405	  0.384709	  0.220671	  0.234215	
  0.134205	  0.590541	  0.266074	  0.009179	
  0.210933	  0.755978	  0.030378	  0.002710	
  0.011856	  0.001472	  0.984138	  0.002533	
  0.003235	  0.001605	  0.989465	  0.005695	
  0.984189	  0.002418	  0.002842	  0.010551	
  0.884492	  0.002651	  0.002095	  0.110762	
  0.249047	  0.054607	  0.690939	  0.005407	
  0.124602	  0.154669	  0.047597	  0.673132	
  0.375217	  0.110561	  0.230374	  0.283848	
  0.402951	  0.186789	  0.219551	  0.190710	

