MEME version 4

ALPHABET= ACGT

strands: + -

A 0.25000 C 0.25000 G 0.25000 T 0.25000 

MOTIF	Elf3_primary_uniprobe
letter-probability matrix: alength= 4 w= 13 nsites= 20 E= 0
  0.338918	  0.138284	  0.180304	  0.342493	
  0.614328	  0.046536	  0.066645	  0.272492	
  0.248636	  0.405469	  0.125813	  0.220081	
  0.389942	  0.368832	  0.198252	  0.042975	
  0.473107	  0.443315	  0.064884	  0.018693	
  0.032285	  0.005365	  0.952727	  0.009624	
  0.021365	  0.006895	  0.955827	  0.015913	
  0.976258	  0.006536	  0.010998	  0.006209	
  0.892027	  0.007456	  0.003678	  0.096839	
  0.433755	  0.037682	  0.520487	  0.008076	
  0.098931	  0.159997	  0.023691	  0.717381	
  0.423164	  0.077419	  0.201004	  0.298413	
  0.572262	  0.158763	  0.164963	  0.104012	

