MEME version 4

ALPHABET= ACGT

strands: + -

A 0.25000 C 0.25000 G 0.25000 T 0.25000 

MOTIF	En2_0952.1_uniprobe
letter-probability matrix: alength= 4 w= 17 nsites= 20 E= 0
  0.377160	  0.044542	  0.114336	  0.463962	
  0.199895	  0.160684	  0.580865	  0.058556	
  0.283481	  0.449742	  0.126802	  0.139975	
  0.393840	  0.307098	  0.201436	  0.097626	
  0.111157	  0.500961	  0.032120	  0.355763	
  0.008087	  0.254906	  0.000815	  0.736192	
  0.983494	  0.005848	  0.003920	  0.006738	
  0.984637	  0.002156	  0.004200	  0.009006	
  0.009006	  0.004200	  0.002156	  0.984637	
  0.006738	  0.003920	  0.005848	  0.983494	
  0.736192	  0.000815	  0.254906	  0.008087	
  0.355763	  0.032120	  0.500961	  0.111157	
  0.053290	  0.268522	  0.045608	  0.632579	
  0.125189	  0.228591	  0.455322	  0.190898	
  0.267471	  0.243035	  0.386360	  0.103134	
  0.430506	  0.227646	  0.110466	  0.231382	
  0.310980	  0.255639	  0.125568	  0.307812	

