MEME version 4

ALPHABET= ACGT

strands: + -

A 0.25000 C 0.25000 G 0.25000 T 0.25000 

MOTIF	Eomes_secondary_uniprobe
letter-probability matrix: alength= 4 w= 16 nsites= 20 E= 0
  0.253642	  0.252604	  0.298295	  0.195458	
  0.112892	  0.341342	  0.341061	  0.204704	
  0.297430	  0.215095	  0.343350	  0.144125	
  0.241098	  0.129378	  0.421448	  0.208076	
  0.894201	  0.007299	  0.061032	  0.037468	
  0.052259	  0.054303	  0.856609	  0.036829	
  0.005074	  0.015048	  0.966734	  0.013144	
  0.003258	  0.061529	  0.002368	  0.932845	
  0.017531	  0.005025	  0.973155	  0.004289	
  0.116022	  0.030172	  0.047139	  0.806667	
  0.027749	  0.602513	  0.009946	  0.359792	
  0.018763	  0.048982	  0.794648	  0.137608	
  0.177116	  0.459591	  0.284833	  0.078460	
  0.121483	  0.491485	  0.148745	  0.238287	
  0.152590	  0.245835	  0.214717	  0.386857	
  0.221040	  0.320773	  0.249918	  0.208270	

