MEME version 4

ALPHABET= ACGT

strands: + -

A 0.25000 C 0.25000 G 0.25000 T 0.25000 

MOTIF	Esx1_3124.2_uniprobe
letter-probability matrix: alength= 4 w= 17 nsites= 20 E= 0
  0.324580	  0.239940	  0.173010	  0.262471	
  0.256076	  0.176795	  0.145200	  0.421929	
  0.174945	  0.335230	  0.177958	  0.311868	
  0.208421	  0.351489	  0.231077	  0.209014	
  0.420892	  0.067800	  0.408902	  0.102406	
  0.029965	  0.471251	  0.008291	  0.490492	
  0.009659	  0.073032	  0.001649	  0.915660	
  0.976642	  0.001659	  0.011157	  0.010542	
  0.983979	  0.001458	  0.009596	  0.004967	
  0.004967	  0.009596	  0.001458	  0.983979	
  0.010542	  0.011157	  0.001659	  0.976642	
  0.915660	  0.001649	  0.073032	  0.009659	
  0.490492	  0.008291	  0.471251	  0.029965	
  0.095232	  0.155695	  0.153111	  0.595961	
  0.218377	  0.124035	  0.299170	  0.358418	
  0.107876	  0.258374	  0.445193	  0.188557	
  0.523388	  0.067834	  0.040045	  0.368733	

