MEME version 4

ALPHABET= ACGT

strands: + -

A 0.25000 C 0.25000 G 0.25000 T 0.25000 

MOTIF	Evx1_3952.2_uniprobe
letter-probability matrix: alength= 4 w= 17 nsites= 20 E= 0
  0.467091	  0.055966	  0.031451	  0.445491	
  0.297969	  0.254547	  0.334132	  0.113352	
  0.355907	  0.217782	  0.210827	  0.215484	
  0.469306	  0.146281	  0.256669	  0.127745	
  0.050402	  0.656647	  0.178799	  0.114152	
  0.008515	  0.033204	  0.000966	  0.957315	
  0.853083	  0.143369	  0.002996	  0.000552	
  0.987472	  0.005323	  0.004604	  0.002601	
  0.002601	  0.004604	  0.005323	  0.987472	
  0.000552	  0.002996	  0.143369	  0.853083	
  0.957315	  0.000966	  0.033204	  0.008515	
  0.114152	  0.178799	  0.656647	  0.050402	
  0.027244	  0.439870	  0.055293	  0.477592	
  0.165329	  0.200182	  0.457936	  0.176553	
  0.200531	  0.245309	  0.380414	  0.173747	
  0.360118	  0.164432	  0.174125	  0.301325	
  0.239572	  0.358371	  0.238530	  0.163528	

