MEME version 4

ALPHABET= ACGT

strands: + -

A 0.25000 C 0.25000 G 0.25000 T 0.25000 

MOTIF	Evx2_2645.3_uniprobe
letter-probability matrix: alength= 4 w= 17 nsites= 20 E= 0
  0.206898	  0.304756	  0.229326	  0.259021	
  0.396007	  0.330131	  0.192964	  0.080898	
  0.138551	  0.564168	  0.090166	  0.207116	
  0.286745	  0.524514	  0.088046	  0.100694	
  0.152216	  0.070150	  0.760833	  0.016800	
  0.024267	  0.824098	  0.120321	  0.031313	
  0.004888	  0.017616	  0.000443	  0.977053	
  0.948687	  0.044377	  0.006226	  0.000709	
  0.991749	  0.001631	  0.003522	  0.003099	
  0.002129	  0.002760	  0.003047	  0.992064	
  0.001023	  0.007073	  0.052989	  0.938915	
  0.925976	  0.000749	  0.071651	  0.001624	
  0.021003	  0.158227	  0.761241	  0.059529	
  0.043697	  0.530850	  0.230935	  0.194518	
  0.124744	  0.184486	  0.400596	  0.290174	
  0.092689	  0.146902	  0.377415	  0.382993	
  0.340077	  0.102340	  0.057203	  0.500380	

