MEME version 4

ALPHABET= ACGT

strands: + -

A 0.25000 C 0.25000 G 0.25000 T 0.25000 

MOTIF	Foxj1_secondary_uniprobe
letter-probability matrix: alength= 4 w= 15 nsites= 20 E= 0
  0.429896	  0.169787	  0.168088	  0.232229	
  0.190254	  0.276130	  0.200621	  0.332995	
  0.343686	  0.190490	  0.369834	  0.095991	
  0.078541	  0.193671	  0.230405	  0.497384	
  0.186618	  0.538905	  0.189075	  0.085402	
  0.810627	  0.032606	  0.147596	  0.009170	
  0.041554	  0.548182	  0.044008	  0.366256	
  0.846634	  0.028936	  0.070184	  0.054247	
  0.796757	  0.135823	  0.033695	  0.033725	
  0.100601	  0.796656	  0.061882	  0.040861	
  0.693155	  0.033021	  0.119214	  0.154611	
  0.521886	  0.143922	  0.177720	  0.156472	
  0.174184	  0.391236	  0.228569	  0.206011	
  0.441326	  0.195996	  0.225002	  0.137676	
  0.230751	  0.446170	  0.149990	  0.173089	

