MEME version 4

ALPHABET= ACGT

strands: + -

A 0.25000 C 0.25000 G 0.25000 T 0.25000 

MOTIF	Foxj3_secondary_uniprobe
letter-probability matrix: alength= 4 w= 17 nsites= 20 E= 0
  0.317700	  0.247432	  0.215783	  0.219085	
  0.352303	  0.162638	  0.230006	  0.255053	
  0.168554	  0.301758	  0.264712	  0.264975	
  0.529943	  0.098389	  0.260344	  0.111324	
  0.205868	  0.388676	  0.197345	  0.208111	
  0.033261	  0.853848	  0.009029	  0.103862	
  0.673657	  0.279649	  0.037915	  0.008779	
  0.496326	  0.243318	  0.006446	  0.253910	
  0.913038	  0.037006	  0.017077	  0.032879	
  0.948910	  0.014865	  0.012562	  0.023664	
  0.010919	  0.862142	  0.009524	  0.117414	
  0.955604	  0.012514	  0.012289	  0.019594	
  0.409400	  0.131244	  0.138666	  0.320691	
  0.465036	  0.133548	  0.065727	  0.335688	
  0.212413	  0.103583	  0.412294	  0.271710	
  0.182538	  0.310768	  0.349143	  0.157550	
  0.294233	  0.219194	  0.238798	  0.247776	

