MEME version 4

ALPHABET= ACGT

strands: + -

A 0.25000 C 0.25000 G 0.25000 T 0.25000 

MOTIF	Foxl1_secondary_uniprobe
letter-probability matrix: alength= 4 w= 16 nsites= 20 E= 0
  0.560226	  0.121586	  0.083231	  0.234957	
  0.318077	  0.149137	  0.179955	  0.352831	
  0.482497	  0.118420	  0.173594	  0.225488	
  0.200166	  0.160901	  0.191493	  0.447440	
  0.033691	  0.569719	  0.018901	  0.377690	
  0.638020	  0.166545	  0.021254	  0.174181	
  0.573953	  0.105729	  0.009308	  0.311010	
  0.890518	  0.053364	  0.013424	  0.042694	
  0.910758	  0.028166	  0.032648	  0.028428	
  0.013358	  0.738707	  0.023981	  0.223953	
  0.911783	  0.018754	  0.031898	  0.037564	
  0.702891	  0.068940	  0.076823	  0.151346	
  0.445507	  0.320769	  0.057216	  0.176507	
  0.587798	  0.129586	  0.140592	  0.142024	
  0.258981	  0.330939	  0.167334	  0.242747	
  0.362022	  0.333796	  0.145861	  0.158320	

