MEME version 4

ALPHABET= ACGT

strands: + -

A 0.25000 C 0.25000 G 0.25000 T 0.25000 

MOTIF	Gabpa_primary_uniprobe
letter-probability matrix: alength= 4 w= 17 nsites= 20 E= 0
  0.347579	  0.362501	  0.122567	  0.167353	
  0.291516	  0.289483	  0.243331	  0.175670	
  0.444682	  0.202283	  0.117720	  0.235315	
  0.286823	  0.160493	  0.154998	  0.397686	
  0.777207	  0.031168	  0.138668	  0.052958	
  0.020187	  0.935458	  0.041166	  0.003190	
  0.044954	  0.947416	  0.006517	  0.001112	
  0.004962	  0.002315	  0.991007	  0.001716	
  0.002572	  0.002766	  0.992355	  0.002307	
  0.989037	  0.001723	  0.001769	  0.007471	
  0.898665	  0.004213	  0.001115	  0.096007	
  0.219936	  0.020606	  0.754552	  0.004906	
  0.021686	  0.134459	  0.014432	  0.829423	
  0.197325	  0.176901	  0.362465	  0.263309	
  0.245978	  0.264865	  0.197336	  0.291821	
  0.323340	  0.203013	  0.195793	  0.277854	
  0.279355	  0.250354	  0.250472	  0.219819	

