MEME version 4

ALPHABET= ACGT

strands: + -

A 0.25000 C 0.25000 G 0.25000 T 0.25000 

MOTIF	Gabpa_secondary_uniprobe
letter-probability matrix: alength= 4 w= 16 nsites= 20 E= 0
  0.233133	  0.551828	  0.139009	  0.076030	
  0.100085	  0.525562	  0.101688	  0.272665	
  0.252996	  0.198121	  0.299171	  0.249711	
  0.141471	  0.195290	  0.234560	  0.428679	
  0.160993	  0.442765	  0.082653	  0.313590	
  0.307890	  0.127950	  0.071713	  0.492448	
  0.093453	  0.148935	  0.080288	  0.677324	
  0.083535	  0.634212	  0.074652	  0.207601	
  0.098119	  0.639328	  0.099957	  0.162596	
  0.067430	  0.451776	  0.357188	  0.123606	
  0.286259	  0.466975	  0.063013	  0.183753	
  0.203211	  0.422637	  0.133368	  0.240783	
  0.111206	  0.315595	  0.192833	  0.380366	
  0.199462	  0.324652	  0.305491	  0.170395	
  0.347919	  0.292387	  0.230724	  0.128970	
  0.254648	  0.294196	  0.194942	  0.256214	

