MEME version 4

ALPHABET= ACGT

strands: + -

A 0.25000 C 0.25000 G 0.25000 T 0.25000 

MOTIF	Gata3_primary_uniprobe
letter-probability matrix: alength= 4 w= 22 nsites= 20 E= 0
  0.151572	  0.262753	  0.258275	  0.327401	
  0.221834	  0.113385	  0.275380	  0.389400	
  0.297769	  0.136928	  0.134678	  0.430625	
  0.270099	  0.110415	  0.271106	  0.348380	
  0.265471	  0.090253	  0.223340	  0.420936	
  0.616582	  0.090091	  0.171960	  0.121367	
  0.197318	  0.107541	  0.406904	  0.288237	
  0.798258	  0.046950	  0.001406	  0.153385	
  0.003195	  0.002516	  0.989707	  0.004582	
  0.991503	  0.002748	  0.002617	  0.003132	
  0.005015	  0.002764	  0.003026	  0.989195	
  0.948394	  0.008932	  0.001344	  0.041330	
  0.973109	  0.004100	  0.004081	  0.018710	
  0.040365	  0.113905	  0.828185	  0.017545	
  0.736608	  0.130524	  0.113464	  0.019404	
  0.415921	  0.106101	  0.316613	  0.161365	
  0.376582	  0.170927	  0.155572	  0.296919	
  0.137731	  0.197151	  0.211055	  0.454064	
  0.324853	  0.122747	  0.246107	  0.306293	
  0.462490	  0.207311	  0.159392	  0.170807	
  0.380420	  0.188972	  0.311990	  0.118618	
  0.222178	  0.157873	  0.380486	  0.239463	

