MEME version 4

ALPHABET= ACGT

strands: + -

A 0.25000 C 0.25000 G 0.25000 T 0.25000 

MOTIF	Gata5_secondary_uniprobe
letter-probability matrix: alength= 4 w= 17 nsites= 20 E= 0
  0.296956	  0.225759	  0.366964	  0.110320	
  0.363955	  0.287909	  0.178199	  0.169937	
  0.167366	  0.353513	  0.235266	  0.243855	
  0.362045	  0.255289	  0.159993	  0.222674	
  0.280070	  0.083717	  0.491243	  0.144971	
  0.856104	  0.068327	  0.034504	  0.041065	
  0.063256	  0.017187	  0.849623	  0.069934	
  0.916053	  0.035900	  0.039485	  0.008562	
  0.025896	  0.011964	  0.054314	  0.907826	
  0.827706	  0.129092	  0.013351	  0.029850	
  0.048301	  0.029514	  0.118868	  0.803318	
  0.069245	  0.824881	  0.022797	  0.083077	
  0.508319	  0.034384	  0.109239	  0.348058	
  0.228736	  0.146771	  0.436716	  0.187777	
  0.183599	  0.289339	  0.157455	  0.369607	
  0.174967	  0.268426	  0.275078	  0.281528	
  0.136843	  0.155950	  0.346111	  0.361096	

