MEME version 4

ALPHABET= ACGT

strands: + -

A 0.25000 C 0.25000 G 0.25000 T 0.25000 

MOTIF	Gbx1_2883.2_uniprobe
letter-probability matrix: alength= 4 w= 17 nsites= 20 E= 0
  0.273447	  0.215589	  0.190042	  0.320923	
  0.298011	  0.120020	  0.314370	  0.267599	
  0.138937	  0.374405	  0.292509	  0.194150	
  0.254035	  0.367641	  0.207200	  0.171124	
  0.589726	  0.116595	  0.181483	  0.112197	
  0.184374	  0.712080	  0.051813	  0.051733	
  0.013319	  0.278336	  0.000978	  0.707366	
  0.972516	  0.020281	  0.003760	  0.003443	
  0.986881	  0.004125	  0.005937	  0.003057	
  0.003057	  0.005937	  0.004125	  0.986881	
  0.003443	  0.003760	  0.020281	  0.972516	
  0.707366	  0.000978	  0.278336	  0.013319	
  0.051733	  0.051813	  0.712080	  0.184374	
  0.136805	  0.155271	  0.197580	  0.510344	
  0.100512	  0.166217	  0.516932	  0.216339	
  0.086683	  0.270581	  0.287558	  0.355179	
  0.471466	  0.077190	  0.059975	  0.391369	

