MEME version 4

ALPHABET= ACGT

strands: + -

A 0.25000 C 0.25000 G 0.25000 T 0.25000 

MOTIF	Gmeb1_secondary_uniprobe
letter-probability matrix: alength= 4 w= 16 nsites= 20 E= 0
  0.171801	  0.139045	  0.265726	  0.423428	
  0.146597	  0.118316	  0.577770	  0.157317	
  0.247220	  0.191958	  0.432935	  0.127887	
  0.119277	  0.232191	  0.394786	  0.253747	
  0.227546	  0.664338	  0.016991	  0.091125	
  0.271290	  0.146819	  0.518707	  0.063184	
  0.693351	  0.120942	  0.066863	  0.118844	
  0.041459	  0.895990	  0.042253	  0.020298	
  0.020298	  0.042253	  0.895990	  0.041459	
  0.118844	  0.066863	  0.120942	  0.693351	
  0.063184	  0.518707	  0.146819	  0.271290	
  0.091125	  0.016991	  0.664338	  0.227546	
  0.122589	  0.186959	  0.078274	  0.612178	
  0.103039	  0.274719	  0.113320	  0.508922	
  0.375945	  0.289040	  0.127861	  0.207153	
  0.429989	  0.189120	  0.110127	  0.270765	

