MEME version 4

ALPHABET= ACGT

strands: + -

A 0.25000 C 0.25000 G 0.25000 T 0.25000 

MOTIF	Gmeb1_primary_uniprobe
letter-probability matrix: alength= 4 w= 17 nsites= 20 E= 0
  0.166569	  0.264627	  0.345569	  0.223235	
  0.335599	  0.314451	  0.153336	  0.196615	
  0.105350	  0.231839	  0.348018	  0.314793	
  0.131274	  0.215623	  0.291288	  0.361815	
  0.125570	  0.072341	  0.404848	  0.397242	
  0.049879	  0.039110	  0.325167	  0.585844	
  0.705098	  0.009202	  0.284757	  0.000943	
  0.003535	  0.986983	  0.004275	  0.005207	
  0.005207	  0.004275	  0.986983	  0.003535	
  0.000943	  0.284757	  0.009202	  0.705098	
  0.585844	  0.325167	  0.039110	  0.049879	
  0.397242	  0.404848	  0.072341	  0.125570	
  0.206857	  0.234555	  0.371731	  0.186857	
  0.435957	  0.145115	  0.181033	  0.237896	
  0.176104	  0.260127	  0.230770	  0.333000	
  0.272102	  0.213365	  0.312032	  0.202501	
  0.237402	  0.250982	  0.266977	  0.244639	

