MEME version 4

ALPHABET= ACGT

strands: + -

A 0.25000 C 0.25000 G 0.25000 T 0.25000 

MOTIF	Gsc_2327.3_uniprobe
letter-probability matrix: alength= 4 w= 17 nsites= 20 E= 0
  0.471765	  0.155805	  0.130216	  0.242214	
  0.336226	  0.217033	  0.236748	  0.209992	
  0.397939	  0.127567	  0.045155	  0.429339	
  0.262638	  0.456883	  0.100119	  0.180360	
  0.277939	  0.114100	  0.520395	  0.087567	
  0.069718	  0.401925	  0.012565	  0.515792	
  0.026036	  0.001115	  0.000374	  0.972475	
  0.985609	  0.000281	  0.009340	  0.004771	
  0.992498	  0.001751	  0.001641	  0.004110	
  0.003048	  0.000589	  0.009260	  0.987104	
  0.005338	  0.968427	  0.001002	  0.025233	
  0.001736	  0.954156	  0.002782	  0.041326	
  0.030103	  0.441404	  0.400145	  0.128348	
  0.083495	  0.360697	  0.075527	  0.480281	
  0.219244	  0.119908	  0.236702	  0.424146	
  0.256872	  0.229901	  0.124714	  0.388513	
  0.313903	  0.308509	  0.263518	  0.114070	

