MEME version 4

ALPHABET= ACGT

strands: + -

A 0.25000 C 0.25000 G 0.25000 T 0.25000 

MOTIF	Gsh2_3990.2_uniprobe
letter-probability matrix: alength= 4 w= 16 nsites= 20 E= 0
  0.466728	  0.180217	  0.229692	  0.123363	
  0.182519	  0.321207	  0.325896	  0.170377	
  0.245636	  0.085563	  0.554398	  0.114403	
  0.133020	  0.259013	  0.237923	  0.370044	
  0.008935	  0.104782	  0.001165	  0.885118	
  0.947332	  0.032369	  0.005900	  0.014399	
  0.971649	  0.003298	  0.002902	  0.022150	
  0.022150	  0.002902	  0.003298	  0.971649	
  0.014399	  0.005900	  0.032369	  0.947332	
  0.885118	  0.001165	  0.104782	  0.008935	
  0.202535	  0.132221	  0.553144	  0.112100	
  0.114403	  0.554398	  0.085563	  0.245636	
  0.169313	  0.276183	  0.225939	  0.328565	
  0.179434	  0.303564	  0.326362	  0.190640	
  0.750088	  0.042706	  0.120865	  0.086341	
  0.184673	  0.120464	  0.323398	  0.371465	

