MEME version 4

ALPHABET= ACGT

strands: + -

A 0.25000 C 0.25000 G 0.25000 T 0.25000 

MOTIF	Hbp1_secondary_uniprobe
letter-probability matrix: alength= 4 w= 17 nsites= 20 E= 0
  0.313621	  0.149049	  0.200899	  0.336432	
  0.262644	  0.147616	  0.334882	  0.254859	
  0.175848	  0.137857	  0.292272	  0.394023	
  0.045910	  0.364107	  0.180535	  0.409448	
  0.093235	  0.718630	  0.093516	  0.094619	
  0.095552	  0.724866	  0.044589	  0.134993	
  0.058227	  0.785149	  0.029814	  0.126810	
  0.897368	  0.023735	  0.019064	  0.059832	
  0.043826	  0.041750	  0.020731	  0.893692	
  0.044268	  0.013557	  0.014689	  0.927487	
  0.102208	  0.026005	  0.709573	  0.162214	
  0.058404	  0.046118	  0.135257	  0.760221	
  0.303689	  0.280676	  0.320259	  0.095375	
  0.258633	  0.262177	  0.197029	  0.282161	
  0.564761	  0.122466	  0.194691	  0.118082	
  0.104738	  0.358061	  0.310533	  0.226668	
  0.267450	  0.230099	  0.197859	  0.304593	

