MEME version 4

ALPHABET= ACGT

strands: + -

A 0.25000 C 0.25000 G 0.25000 T 0.25000 

MOTIF	Hlx1_2350.1_uniprobe
letter-probability matrix: alength= 4 w= 15 nsites= 20 E= 0
  0.184573	  0.487329	  0.159369	  0.168728	
  0.267013	  0.435025	  0.133493	  0.164470	
  0.453638	  0.215483	  0.159150	  0.171729	
  0.068489	  0.133089	  0.051344	  0.747078	
  0.755540	  0.081456	  0.049114	  0.113890	
  0.714641	  0.014479	  0.071495	  0.199385	
  0.038358	  0.063788	  0.022619	  0.875236	
  0.163501	  0.117322	  0.032647	  0.686531	
  0.632592	  0.030551	  0.250129	  0.086728	
  0.875236	  0.022619	  0.063788	  0.038358	
  0.199385	  0.071495	  0.014479	  0.714641	
  0.113890	  0.049114	  0.081456	  0.755540	
  0.747078	  0.051344	  0.133089	  0.068489	
  0.156894	  0.411683	  0.152357	  0.279066	
  0.416155	  0.272462	  0.087606	  0.223777	

