MEME version 4

ALPHABET= ACGT

strands: + -

A 0.25000 C 0.25000 G 0.25000 T 0.25000 

MOTIF	Hlxb9_3422.1_uniprobe
letter-probability matrix: alength= 4 w= 16 nsites= 20 E= 0
  0.124726	  0.237945	  0.372005	  0.265324	
  0.136341	  0.210540	  0.300319	  0.352800	
  0.563722	  0.246698	  0.172306	  0.017274	
  0.105666	  0.392788	  0.383230	  0.118316	
  0.008158	  0.083543	  0.000664	  0.907635	
  0.971699	  0.020631	  0.004197	  0.003472	
  0.984998	  0.003454	  0.005204	  0.006344	
  0.006344	  0.005204	  0.003454	  0.984998	
  0.003472	  0.004197	  0.020631	  0.971699	
  0.907635	  0.000664	  0.083543	  0.008158	
  0.075595	  0.162864	  0.680211	  0.081330	
  0.017274	  0.172306	  0.246698	  0.563722	
  0.168421	  0.090333	  0.590199	  0.151047	
  0.226279	  0.273018	  0.333611	  0.167092	
  0.251897	  0.348912	  0.112360	  0.286831	
  0.291867	  0.301340	  0.336444	  0.070349	

