MEME version 4

ALPHABET= ACGT

strands: + -

A 0.25000 C 0.25000 G 0.25000 T 0.25000 

MOTIF	Hmx1_3423.1_uniprobe
letter-probability matrix: alength= 4 w= 17 nsites= 20 E= 0
  0.337664	  0.289755	  0.240849	  0.131733	
  0.174054	  0.429800	  0.269860	  0.126285	
  0.361513	  0.293469	  0.259412	  0.085606	
  0.688902	  0.063629	  0.159397	  0.088071	
  0.130715	  0.078148	  0.720459	  0.070678	
  0.007798	  0.951453	  0.001184	  0.039564	
  0.869502	  0.001154	  0.122137	  0.007207	
  0.882397	  0.105995	  0.002423	  0.009185	
  0.004826	  0.003049	  0.001449	  0.990676	
  0.017571	  0.055020	  0.000547	  0.926863	
  0.950722	  0.002312	  0.012883	  0.034083	
  0.883290	  0.014130	  0.042169	  0.060412	
  0.251540	  0.149359	  0.169226	  0.429875	
  0.140326	  0.224608	  0.501552	  0.133514	
  0.384995	  0.294702	  0.277751	  0.042551	
  0.327315	  0.131428	  0.235873	  0.305384	
  0.177654	  0.200822	  0.219372	  0.402152	

