MEME version 4

ALPHABET= ACGT

strands: + -

A 0.25000 C 0.25000 G 0.25000 T 0.25000 

MOTIF	Hmx3_3490.2_uniprobe
letter-probability matrix: alength= 4 w= 17 nsites= 20 E= 0
  0.493883	  0.207908	  0.206555	  0.091654	
  0.124338	  0.490519	  0.252638	  0.132506	
  0.482613	  0.229280	  0.188509	  0.099597	
  0.758821	  0.067165	  0.111206	  0.062809	
  0.154132	  0.098232	  0.594074	  0.153562	
  0.015565	  0.938529	  0.001667	  0.044239	
  0.835485	  0.001163	  0.156926	  0.006426	
  0.869937	  0.118961	  0.001666	  0.009435	
  0.005815	  0.004470	  0.001031	  0.988683	
  0.014066	  0.042296	  0.000378	  0.943259	
  0.924765	  0.001168	  0.024126	  0.049941	
  0.873425	  0.020468	  0.034636	  0.071470	
  0.387156	  0.148327	  0.115500	  0.349017	
  0.256863	  0.183824	  0.381900	  0.177413	
  0.472131	  0.208576	  0.255773	  0.063519	
  0.524326	  0.109150	  0.180486	  0.186038	
  0.125721	  0.103316	  0.133298	  0.637666	

