MEME version 4

ALPHABET= ACGT

strands: + -

A 0.25000 C 0.25000 G 0.25000 T 0.25000 

MOTIF	Hnf4a_primary_uniprobe
letter-probability matrix: alength= 4 w= 17 nsites= 20 E= 0
  0.223704	  0.280688	  0.251889	  0.243719	
  0.198683	  0.190981	  0.267970	  0.342366	
  0.150012	  0.319579	  0.206063	  0.324347	
  0.274896	  0.302572	  0.238597	  0.183935	
  0.438853	  0.331148	  0.021186	  0.208812	
  0.133937	  0.027342	  0.832490	  0.006231	
  0.141462	  0.002336	  0.854359	  0.001843	
  0.003464	  0.000753	  0.987433	  0.008349	
  0.004388	  0.000692	  0.884494	  0.110426	
  0.003808	  0.001605	  0.016793	  0.977794	
  0.001992	  0.976605	  0.003739	  0.017664	
  0.881237	  0.089981	  0.026017	  0.002764	
  0.735041	  0.106592	  0.083260	  0.075107	
  0.164419	  0.315518	  0.181031	  0.339032	
  0.228285	  0.176364	  0.157583	  0.437768	
  0.233407	  0.193567	  0.327076	  0.245951	
  0.320479	  0.312566	  0.195701	  0.171254	

