MEME version 4

ALPHABET= ACGT

strands: + -

A 0.25000 C 0.25000 G 0.25000 T 0.25000 

MOTIF	Homez_1063.2_uniprobe
letter-probability matrix: alength= 4 w= 17 nsites= 20 E= 0
  0.585235	  0.056880	  0.174898	  0.182987	
  0.344783	  0.171238	  0.144379	  0.339600	
  0.496888	  0.112442	  0.086669	  0.304001	
  0.457408	  0.134777	  0.032789	  0.375026	
  0.342717	  0.420568	  0.171418	  0.065297	
  0.872988	  0.030946	  0.004203	  0.091862	
  0.006581	  0.013120	  0.006495	  0.973804	
  0.036193	  0.946961	  0.004377	  0.012469	
  0.014767	  0.005226	  0.966106	  0.013901	
  0.208700	  0.008264	  0.021875	  0.761161	
  0.037957	  0.018882	  0.028895	  0.914266	
  0.157997	  0.026546	  0.021365	  0.794092	
  0.139814	  0.136272	  0.117987	  0.605927	
  0.125467	  0.233302	  0.183071	  0.458161	
  0.523941	  0.191122	  0.050126	  0.234811	
  0.374984	  0.049392	  0.291831	  0.283793	
  0.268235	  0.165772	  0.308515	  0.257477	

