MEME version 4

ALPHABET= ACGT

strands: + -

A 0.25000 C 0.25000 G 0.25000 T 0.25000 

MOTIF	Hoxa7_3750.1_uniprobe
letter-probability matrix: alength= 4 w= 16 nsites= 20 E= 0
  0.052886	  0.233024	  0.465397	  0.248693	
  0.130032	  0.234349	  0.249238	  0.386381	
  0.514328	  0.313846	  0.133839	  0.037987	
  0.069434	  0.114374	  0.496317	  0.319876	
  0.060257	  0.050885	  0.004794	  0.884064	
  0.925166	  0.044818	  0.005149	  0.024867	
  0.974174	  0.005461	  0.006519	  0.013846	
  0.013846	  0.006519	  0.005461	  0.974174	
  0.024867	  0.005149	  0.044818	  0.925166	
  0.884064	  0.004794	  0.050885	  0.060257	
  0.469347	  0.249569	  0.180209	  0.100874	
  0.037987	  0.133839	  0.313846	  0.514328	
  0.223357	  0.184309	  0.447015	  0.145318	
  0.146773	  0.169085	  0.529830	  0.154312	
  0.367049	  0.296178	  0.098419	  0.238355	
  0.397151	  0.332423	  0.193547	  0.076880	

