MEME version 4

ALPHABET= ACGT

strands: + -

A 0.25000 C 0.25000 G 0.25000 T 0.25000 

MOTIF	Hoxa7_2668.2_uniprobe
letter-probability matrix: alength= 4 w= 17 nsites= 20 E= 0
  0.186841	  0.449539	  0.249722	  0.113898	
  0.223463	  0.205831	  0.481456	  0.089250	
  0.367581	  0.359936	  0.125934	  0.146549	
  0.261677	  0.203240	  0.296601	  0.238482	
  0.152252	  0.103805	  0.244337	  0.499606	
  0.067094	  0.105584	  0.004743	  0.822578	
  0.904338	  0.035364	  0.006595	  0.053703	
  0.942269	  0.004131	  0.010982	  0.042617	
  0.042617	  0.010982	  0.004131	  0.942269	
  0.053703	  0.006595	  0.035364	  0.904338	
  0.822578	  0.004743	  0.105584	  0.067094	
  0.499606	  0.244337	  0.103805	  0.152252	
  0.137299	  0.191697	  0.130352	  0.540652	
  0.342117	  0.164229	  0.220781	  0.272873	
  0.361122	  0.190681	  0.205495	  0.242702	
  0.205884	  0.237554	  0.305285	  0.251277	
  0.187149	  0.554889	  0.118916	  0.139046	

