MEME version 4

ALPHABET= ACGT

strands: + -

A 0.25000 C 0.25000 G 0.25000 T 0.25000 

MOTIF	Hoxa6_1040.1_uniprobe
letter-probability matrix: alength= 4 w= 16 nsites= 20 E= 0
  0.583501	  0.146680	  0.197544	  0.072276	
  0.427857	  0.353560	  0.089642	  0.128941	
  0.195697	  0.096442	  0.593720	  0.114140	
  0.189276	  0.048267	  0.483269	  0.279188	
  0.005990	  0.090620	  0.000813	  0.902576	
  0.949399	  0.035300	  0.001844	  0.013457	
  0.984085	  0.006313	  0.001863	  0.007739	
  0.007739	  0.001863	  0.006313	  0.984085	
  0.013457	  0.001844	  0.035300	  0.949399	
  0.902576	  0.000813	  0.090620	  0.005990	
  0.152255	  0.677055	  0.087732	  0.082958	
  0.114140	  0.593720	  0.096442	  0.195697	
  0.234649	  0.271494	  0.063511	  0.430347	
  0.334155	  0.324603	  0.120490	  0.220751	
  0.602114	  0.075922	  0.081032	  0.240932	
  0.219592	  0.167291	  0.277257	  0.335860	

