MEME version 4

ALPHABET= ACGT

strands: + -

A 0.25000 C 0.25000 G 0.25000 T 0.25000 

MOTIF	Hoxa11_2218.1_uniprobe
letter-probability matrix: alength= 4 w= 16 nsites= 20 E= 0
  0.250495	  0.214554	  0.138272	  0.396679	
  0.492850	  0.123424	  0.196803	  0.186923	
  0.540281	  0.151603	  0.140529	  0.167586	
  0.428463	  0.099563	  0.270775	  0.201200	
  0.102254	  0.050731	  0.845038	  0.001977	
  0.001884	  0.019008	  0.001029	  0.978079	
  0.016931	  0.973797	  0.000596	  0.008676	
  0.258728	  0.001705	  0.738135	  0.001431	
  0.003545	  0.001680	  0.003370	  0.991405	
  0.832666	  0.002250	  0.000866	  0.164218	
  0.983610	  0.001278	  0.002546	  0.012566	
  0.980677	  0.005645	  0.001242	  0.012435	
  0.599219	  0.090422	  0.088183	  0.222176	
  0.212685	  0.399896	  0.114218	  0.273202	
  0.287588	  0.220283	  0.249419	  0.242710	
  0.152138	  0.145873	  0.312609	  0.389380	

