MEME version 4

ALPHABET= ACGT

strands: + -

A 0.25000 C 0.25000 G 0.25000 T 0.25000 

MOTIF	Hoxa13_3126.1_uniprobe
letter-probability matrix: alength= 4 w= 16 nsites= 20 E= 0
  0.349550	  0.172903	  0.163906	  0.313641	
  0.315011	  0.194211	  0.195948	  0.294830	
  0.368766	  0.201805	  0.178542	  0.250887	
  0.145880	  0.295376	  0.295376	  0.263368	
  0.015331	  0.929453	  0.054675	  0.000540	
  0.001365	  0.028771	  0.001559	  0.968304	
  0.010908	  0.940311	  0.000350	  0.048431	
  0.197963	  0.000370	  0.796987	  0.004680	
  0.001758	  0.010551	  0.000808	  0.986883	
  0.926536	  0.000378	  0.002732	  0.070353	
  0.969248	  0.000662	  0.000790	  0.029301	
  0.981050	  0.005733	  0.000805	  0.012411	
  0.621561	  0.122585	  0.047087	  0.208767	
  0.297436	  0.133532	  0.093665	  0.475368	
  0.178579	  0.227666	  0.232495	  0.361260	
  0.234668	  0.133863	  0.220639	  0.410829	

