MEME version 4

ALPHABET= ACGT

strands: + -

A 0.25000 C 0.25000 G 0.25000 T 0.25000 

MOTIF	Hoxa3_2783.2_uniprobe
letter-probability matrix: alength= 4 w= 14 nsites= 20 E= 0
  0.179704	  0.111241	  0.209598	  0.499457	
  0.159577	  0.294806	  0.193779	  0.351838	
  0.193465	  0.188507	  0.498359	  0.119670	
  0.390070	  0.300340	  0.146256	  0.163335	
  0.296640	  0.102769	  0.532831	  0.067760	
  0.074175	  0.304881	  0.336692	  0.284252	
  0.003343	  0.113978	  0.001007	  0.881672	
  0.898172	  0.096034	  0.004599	  0.001195	
  0.989592	  0.005167	  0.001447	  0.003795	
  0.004841	  0.000925	  0.004608	  0.989626	
  0.001866	  0.004088	  0.049658	  0.944388	
  0.974262	  0.000513	  0.018164	  0.007061	
  0.348398	  0.157758	  0.462101	  0.031744	
  0.054636	  0.354235	  0.117025	  0.474104	

