MEME version 4

ALPHABET= ACGT

strands: + -

A 0.25000 C 0.25000 G 0.25000 T 0.25000 

MOTIF	Hoxa1_3425.1_uniprobe
letter-probability matrix: alength= 4 w= 16 nsites= 20 E= 0
  0.189557	  0.418057	  0.185518	  0.206868	
  0.144310	  0.147945	  0.055643	  0.652102	
  0.268298	  0.130092	  0.466424	  0.135186	
  0.623662	  0.095919	  0.152772	  0.127647	
  0.266418	  0.075174	  0.613390	  0.045018	
  0.076341	  0.532879	  0.217968	  0.172811	
  0.006893	  0.026113	  0.001372	  0.965621	
  0.960763	  0.031216	  0.006700	  0.001322	
  0.990794	  0.002636	  0.002673	  0.003897	
  0.005841	  0.002488	  0.001753	  0.989917	
  0.002266	  0.004876	  0.007199	  0.985660	
  0.956522	  0.001370	  0.038129	  0.003979	
  0.280035	  0.484469	  0.167259	  0.068237	
  0.144906	  0.449298	  0.138450	  0.267346	
  0.107856	  0.167050	  0.411636	  0.313458	
  0.061823	  0.304997	  0.175127	  0.458054	

