MEME version 4

ALPHABET= ACGT

strands: + -

A 0.25000 C 0.25000 G 0.25000 T 0.25000 

MOTIF	Hoxb4_2627.1_uniprobe
letter-probability matrix: alength= 4 w= 17 nsites= 20 E= 0
  0.150225	  0.589034	  0.173305	  0.087436	
  0.247713	  0.218543	  0.315982	  0.217762	
  0.313054	  0.315762	  0.161875	  0.209309	
  0.342140	  0.122587	  0.414986	  0.120287	
  0.084453	  0.167557	  0.064713	  0.683277	
  0.015012	  0.097497	  0.000784	  0.886707	
  0.935516	  0.059842	  0.002981	  0.001661	
  0.983764	  0.003204	  0.004762	  0.008269	
  0.008269	  0.004762	  0.003204	  0.983764	
  0.001661	  0.002981	  0.059842	  0.935516	
  0.886707	  0.000784	  0.097497	  0.015012	
  0.683277	  0.064713	  0.167557	  0.084453	
  0.096066	  0.224323	  0.168399	  0.511212	
  0.323465	  0.181304	  0.126555	  0.368677	
  0.519714	  0.200929	  0.182027	  0.097329	
  0.303077	  0.315972	  0.090405	  0.290546	
  0.157700	  0.404295	  0.156562	  0.281443	

