MEME version 4

ALPHABET= ACGT

strands: + -

A 0.25000 C 0.25000 G 0.25000 T 0.25000 

MOTIF	Hoxb3_1720.2_uniprobe
letter-probability matrix: alength= 4 w= 17 nsites= 20 E= 0
  0.378249	  0.049281	  0.051592	  0.520878	
  0.289542	  0.133864	  0.520894	  0.055701	
  0.550939	  0.197599	  0.134219	  0.117243	
  0.262967	  0.266289	  0.324750	  0.145994	
  0.082525	  0.566826	  0.201624	  0.149024	
  0.008534	  0.111332	  0.000889	  0.879245	
  0.735581	  0.261746	  0.001489	  0.001183	
  0.984144	  0.004781	  0.001508	  0.009567	
  0.009567	  0.001508	  0.004781	  0.984144	
  0.001183	  0.001489	  0.261746	  0.735581	
  0.879245	  0.000889	  0.111332	  0.008534	
  0.149024	  0.201624	  0.566826	  0.082525	
  0.050500	  0.340537	  0.118785	  0.490178	
  0.188022	  0.151508	  0.302002	  0.358468	
  0.321300	  0.234954	  0.382694	  0.061052	
  0.311932	  0.115223	  0.395333	  0.177513	
  0.406185	  0.138414	  0.195476	  0.259925	

