MEME version 4

ALPHABET= ACGT

strands: + -

A 0.25000 C 0.25000 G 0.25000 T 0.25000 

MOTIF	Hoxb6_3428.2_uniprobe
letter-probability matrix: alength= 4 w= 16 nsites= 20 E= 0
  0.285750	  0.141861	  0.055341	  0.517047	
  0.548840	  0.096589	  0.075248	  0.279324	
  0.181874	  0.041138	  0.180661	  0.596326	
  0.176788	  0.096024	  0.346904	  0.380283	
  0.171188	  0.295681	  0.330641	  0.202489	
  0.074696	  0.111978	  0.671994	  0.141332	
  0.022223	  0.197771	  0.015214	  0.764793	
  0.833470	  0.118870	  0.018756	  0.028904	
  0.953513	  0.012047	  0.011588	  0.022853	
  0.022853	  0.011588	  0.012047	  0.953513	
  0.028904	  0.018756	  0.118870	  0.833470	
  0.764793	  0.015214	  0.197771	  0.022223	
  0.112355	  0.737510	  0.058135	  0.092001	
  0.202489	  0.330641	  0.295681	  0.171188	
  0.257218	  0.134472	  0.290939	  0.317371	
  0.178633	  0.246536	  0.240081	  0.334751	

