MEME version 4

ALPHABET= ACGT

strands: + -

A 0.25000 C 0.25000 G 0.25000 T 0.25000 

MOTIF	Hoxb8_3780.2_uniprobe
letter-probability matrix: alength= 4 w= 16 nsites= 20 E= 0
  0.395439	  0.233274	  0.085406	  0.285882	
  0.169037	  0.428782	  0.301430	  0.100751	
  0.176714	  0.358169	  0.199215	  0.265903	
  0.227183	  0.169543	  0.343798	  0.259476	
  0.112609	  0.030442	  0.819979	  0.036970	
  0.014892	  0.617477	  0.003187	  0.364444	
  0.781596	  0.159728	  0.015153	  0.043523	
  0.969644	  0.010155	  0.012495	  0.007707	
  0.015401	  0.004393	  0.001778	  0.978428	
  0.190099	  0.006299	  0.002977	  0.800624	
  0.960962	  0.004895	  0.005559	  0.028584	
  0.788404	  0.040876	  0.023563	  0.147158	
  0.098061	  0.235899	  0.071056	  0.594983	
  0.596589	  0.139706	  0.131891	  0.131815	
  0.402309	  0.134941	  0.319039	  0.143711	
  0.452002	  0.102421	  0.123562	  0.322014	

