MEME version 4

ALPHABET= ACGT

strands: + -

A 0.25000 C 0.25000 G 0.25000 T 0.25000 

MOTIF	Hoxb9_3413.1_uniprobe
letter-probability matrix: alength= 4 w= 16 nsites= 20 E= 0
  0.369205	  0.191401	  0.373182	  0.066211	
  0.357429	  0.160246	  0.408701	  0.073624	
  0.576965	  0.069294	  0.310696	  0.043045	
  0.103797	  0.127691	  0.646641	  0.121871	
  0.023188	  0.657132	  0.005598	  0.314082	
  0.420260	  0.543925	  0.009350	  0.026464	
  0.944117	  0.003851	  0.047375	  0.004658	
  0.007642	  0.006158	  0.004106	  0.982094	
  0.728623	  0.003283	  0.002505	  0.265589	
  0.958302	  0.002642	  0.002614	  0.036442	
  0.969909	  0.004265	  0.002650	  0.023176	
  0.869075	  0.011516	  0.028466	  0.090943	
  0.336102	  0.198102	  0.075230	  0.390566	
  0.203557	  0.271818	  0.098338	  0.426287	
  0.226605	  0.448090	  0.146026	  0.179278	
  0.252426	  0.177812	  0.357334	  0.212429	

