MEME version 4

ALPHABET= ACGT

strands: + -

A 0.25000 C 0.25000 G 0.25000 T 0.25000 

MOTIF	Hoxc9_2367.2_uniprobe
letter-probability matrix: alength= 4 w= 16 nsites= 20 E= 0
  0.279588	  0.205946	  0.337877	  0.176588	
  0.212819	  0.121136	  0.376165	  0.289881	
  0.371836	  0.224291	  0.240111	  0.163762	
  0.200999	  0.056254	  0.589311	  0.153436	
  0.141203	  0.048864	  0.796449	  0.013484	
  0.026376	  0.197045	  0.009146	  0.767433	
  0.286968	  0.688278	  0.011985	  0.012769	
  0.890619	  0.006181	  0.098071	  0.005129	
  0.019680	  0.011114	  0.002539	  0.966668	
  0.287238	  0.007432	  0.002166	  0.703164	
  0.975510	  0.006204	  0.005667	  0.012620	
  0.949137	  0.017111	  0.006224	  0.027528	
  0.241729	  0.296577	  0.052768	  0.408926	
  0.212400	  0.269675	  0.090007	  0.427918	
  0.333376	  0.091783	  0.259582	  0.315259	
  0.182024	  0.203528	  0.245531	  0.368917	

