MEME version 4

ALPHABET= ACGT

strands: + -

A 0.25000 C 0.25000 G 0.25000 T 0.25000 

MOTIF	Hoxc10_2779.2_uniprobe
letter-probability matrix: alength= 4 w= 16 nsites= 20 E= 0
  0.239959	  0.241480	  0.127526	  0.391035	
  0.393451	  0.123294	  0.236504	  0.246751	
  0.425440	  0.162608	  0.183192	  0.228759	
  0.342619	  0.136379	  0.294758	  0.226245	
  0.081913	  0.061733	  0.855044	  0.001310	
  0.001643	  0.036832	  0.001170	  0.960355	
  0.018825	  0.976078	  0.000606	  0.004492	
  0.295691	  0.001892	  0.701303	  0.001114	
  0.002726	  0.002441	  0.002823	  0.992011	
  0.854003	  0.002752	  0.000601	  0.142644	
  0.986219	  0.001475	  0.002415	  0.009891	
  0.976476	  0.009547	  0.001650	  0.012327	
  0.495998	  0.130830	  0.145385	  0.227787	
  0.217852	  0.326165	  0.152819	  0.303164	
  0.206308	  0.256598	  0.289657	  0.247436	
  0.137871	  0.148598	  0.304153	  0.409378	

