MEME version 4

ALPHABET= ACGT

strands: + -

A 0.25000 C 0.25000 G 0.25000 T 0.25000 

MOTIF	Hoxc4_3491.1_uniprobe
letter-probability matrix: alength= 4 w= 17 nsites= 20 E= 0
  0.141234	  0.692028	  0.096656	  0.070082	
  0.217226	  0.204182	  0.433004	  0.145587	
  0.357356	  0.353858	  0.125468	  0.163318	
  0.442670	  0.142752	  0.255622	  0.158955	
  0.105647	  0.076927	  0.058873	  0.758553	
  0.019992	  0.059565	  0.000879	  0.919564	
  0.954936	  0.039549	  0.003110	  0.002405	
  0.982260	  0.004498	  0.004040	  0.009202	
  0.009202	  0.004040	  0.004498	  0.982260	
  0.002405	  0.003110	  0.039549	  0.954936	
  0.919564	  0.000879	  0.059565	  0.019992	
  0.758553	  0.058873	  0.076927	  0.105647	
  0.112219	  0.362494	  0.221575	  0.303712	
  0.352534	  0.203900	  0.178138	  0.265428	
  0.526263	  0.237739	  0.150472	  0.085526	
  0.262929	  0.241936	  0.161991	  0.333143	
  0.296492	  0.258285	  0.199538	  0.245685	

