MEME version 4

ALPHABET= ACGT

strands: + -

A 0.25000 C 0.25000 G 0.25000 T 0.25000 

MOTIF	Hoxc5_2630.2_uniprobe
letter-probability matrix: alength= 4 w= 17 nsites= 20 E= 0
  0.129045	  0.615361	  0.167000	  0.088595	
  0.175227	  0.211855	  0.463476	  0.149443	
  0.462717	  0.342490	  0.088306	  0.106487	
  0.507587	  0.091240	  0.316346	  0.084827	
  0.081206	  0.244475	  0.126432	  0.547887	
  0.020828	  0.098668	  0.002254	  0.878250	
  0.942384	  0.048538	  0.003336	  0.005742	
  0.974114	  0.002227	  0.006994	  0.016664	
  0.016664	  0.006994	  0.002227	  0.974114	
  0.005742	  0.003336	  0.048538	  0.942384	
  0.878250	  0.002254	  0.098668	  0.020828	
  0.547887	  0.126432	  0.244475	  0.081206	
  0.100484	  0.215127	  0.103932	  0.580457	
  0.343115	  0.170821	  0.133573	  0.352491	
  0.675639	  0.147680	  0.097029	  0.079653	
  0.233152	  0.288843	  0.190159	  0.287847	
  0.248693	  0.216952	  0.198008	  0.336347	

