MEME version 4

ALPHABET= ACGT

strands: + -

A 0.25000 C 0.25000 G 0.25000 T 0.25000 

MOTIF	Hoxd8_2644.1_uniprobe
letter-probability matrix: alength= 4 w= 17 nsites= 20 E= 0
  0.125413	  0.120907	  0.200343	  0.553338	
  0.604959	  0.122401	  0.108041	  0.164599	
  0.599593	  0.081965	  0.204643	  0.113798	
  0.330015	  0.048408	  0.286845	  0.334731	
  0.068575	  0.230328	  0.014323	  0.686773	
  0.723431	  0.122426	  0.030752	  0.123391	
  0.916525	  0.021756	  0.022396	  0.039322	
  0.035230	  0.013256	  0.012130	  0.939384	
  0.047433	  0.010794	  0.004827	  0.936946	
  0.952666	  0.003486	  0.012288	  0.031560	
  0.794645	  0.051496	  0.022269	  0.131590	
  0.070711	  0.089139	  0.049811	  0.790338	
  0.354541	  0.041255	  0.466791	  0.137412	
  0.243842	  0.065460	  0.563307	  0.127391	
  0.186363	  0.499738	  0.076726	  0.237174	
  0.187640	  0.091571	  0.135427	  0.585362	
  0.364787	  0.207143	  0.182549	  0.245520	

