MEME version 4

ALPHABET= ACGT

strands: + -

A 0.25000 C 0.25000 G 0.25000 T 0.25000 

MOTIF	Hoxd3_1742.2_uniprobe
letter-probability matrix: alength= 4 w= 16 nsites= 20 E= 0
  0.192403	  0.368474	  0.053576	  0.385548	
  0.187297	  0.084726	  0.078264	  0.649713	
  0.144328	  0.097047	  0.597982	  0.160643	
  0.366633	  0.095085	  0.328406	  0.209876	
  0.236003	  0.086628	  0.437732	  0.239637	
  0.138363	  0.238226	  0.290887	  0.332524	
  0.010736	  0.144562	  0.000545	  0.844157	
  0.869206	  0.123882	  0.004408	  0.002505	
  0.984661	  0.007310	  0.002443	  0.005586	
  0.005586	  0.002443	  0.007310	  0.984661	
  0.002505	  0.004408	  0.123882	  0.869206	
  0.844157	  0.000545	  0.144562	  0.010736	
  0.374157	  0.368903	  0.143291	  0.113649	
  0.239637	  0.437732	  0.086628	  0.236003	
  0.119371	  0.366519	  0.306407	  0.207702	
  0.089994	  0.220456	  0.210966	  0.478584	

