MEME version 4

ALPHABET= ACGT

strands: + -

A 0.25000 C 0.25000 G 0.25000 T 0.25000 

MOTIF	IRC900814_primary_uniprobe
letter-probability matrix: alength= 4 w= 16 nsites= 20 E= 0
  0.365594	  0.139520	  0.170474	  0.324412	
  0.273874	  0.192800	  0.250453	  0.282872	
  0.161547	  0.330332	  0.098428	  0.409694	
  0.084003	  0.205596	  0.098191	  0.612210	
  0.953705	  0.016367	  0.006314	  0.023614	
  0.003494	  0.989648	  0.003278	  0.003580	
  0.004722	  0.003156	  0.988805	  0.003317	
  0.939828	  0.001925	  0.052151	  0.006096	
  0.183998	  0.760396	  0.030845	  0.024762	
  0.917564	  0.003661	  0.065438	  0.013337	
  0.965452	  0.006559	  0.005183	  0.022807	
  0.730611	  0.054369	  0.006576	  0.208444	
  0.266519	  0.133801	  0.067418	  0.532262	
  0.329952	  0.210903	  0.220319	  0.238826	
  0.250220	  0.197954	  0.314202	  0.237625	
  0.172311	  0.401218	  0.189340	  0.237131	

