MEME version 4

ALPHABET= ACGT

strands: + -

A 0.25000 C 0.25000 G 0.25000 T 0.25000 

MOTIF	Irf4_secondary_uniprobe
letter-probability matrix: alength= 4 w= 15 nsites= 20 E= 0
  0.288101	  0.247588	  0.287461	  0.176850	
  0.187625	  0.276525	  0.352820	  0.183030	
  0.175230	  0.300094	  0.203295	  0.321380	
  0.564519	  0.107594	  0.098018	  0.229869	
  0.150412	  0.310868	  0.054960	  0.483760	
  0.034907	  0.015505	  0.034843	  0.914745	
  0.041776	  0.885897	  0.032309	  0.040017	
  0.046210	  0.168474	  0.066613	  0.718702	
  0.031764	  0.913321	  0.024478	  0.030437	
  0.191755	  0.029057	  0.754998	  0.024190	
  0.206291	  0.097100	  0.623727	  0.072881	
  0.311511	  0.037435	  0.173101	  0.477953	
  0.205101	  0.316738	  0.081628	  0.396533	
  0.243888	  0.196473	  0.292453	  0.267186	
  0.167980	  0.404608	  0.259107	  0.168305	

