MEME version 4

ALPHABET= ACGT

strands: + -

A 0.25000 C 0.25000 G 0.25000 T 0.25000 

MOTIF	Irf4_primary_uniprobe
letter-probability matrix: alength= 4 w= 15 nsites= 20 E= 0
  0.302723	  0.390309	  0.162248	  0.144720	
  0.263298	  0.109753	  0.466266	  0.160683	
  0.314007	  0.079943	  0.170722	  0.435328	
  0.657943	  0.042407	  0.054822	  0.244828	
  0.175125	  0.281452	  0.069422	  0.474000	
  0.014866	  0.891988	  0.005489	  0.087657	
  0.012252	  0.001771	  0.982933	  0.003044	
  0.985642	  0.006248	  0.005379	  0.002731	
  0.933526	  0.002109	  0.003143	  0.061222	
  0.988146	  0.003436	  0.001669	  0.006749	
  0.021771	  0.945675	  0.026522	  0.006032	
  0.029305	  0.568908	  0.017908	  0.383879	
  0.396869	  0.133807	  0.324146	  0.145178	
  0.326865	  0.278882	  0.198196	  0.196056	
  0.506287	  0.142988	  0.165503	  0.185222	

