MEME version 4

ALPHABET= ACGT

strands: + -

A 0.25000 C 0.25000 G 0.25000 T 0.25000 

MOTIF	Irf5_secondary_uniprobe
letter-probability matrix: alength= 4 w= 15 nsites= 20 E= 0
  0.160739	  0.237732	  0.225630	  0.375899	
  0.231003	  0.186804	  0.122026	  0.460167	
  0.282260	  0.197034	  0.288737	  0.231969	
  0.746029	  0.055630	  0.083427	  0.114914	
  0.169536	  0.340063	  0.148794	  0.341606	
  0.086576	  0.827589	  0.034986	  0.050849	
  0.021280	  0.012938	  0.955490	  0.010292	
  0.930476	  0.013781	  0.047798	  0.007945	
  0.002126	  0.038171	  0.948134	  0.011570	
  0.959483	  0.009871	  0.015462	  0.015184	
  0.495380	  0.028946	  0.408360	  0.067314	
  0.145964	  0.186198	  0.031072	  0.636767	
  0.200379	  0.206354	  0.151807	  0.441460	
  0.171996	  0.390086	  0.220850	  0.217068	
  0.208281	  0.322628	  0.291771	  0.177321	

