MEME version 4

ALPHABET= ACGT

strands: + -

A 0.25000 C 0.25000 G 0.25000 T 0.25000 

MOTIF	Irf5_primary_uniprobe
letter-probability matrix: alength= 4 w= 15 nsites= 20 E= 0
  0.337548	  0.193688	  0.194039	  0.274725	
  0.279950	  0.185928	  0.199501	  0.334621	
  0.357304	  0.160203	  0.278768	  0.203725	
  0.499782	  0.069569	  0.166858	  0.263790	
  0.832538	  0.022992	  0.085287	  0.059183	
  0.144788	  0.434769	  0.040595	  0.379848	
  0.016035	  0.943520	  0.003379	  0.037067	
  0.014208	  0.001713	  0.982579	  0.001500	
  0.985572	  0.004274	  0.008722	  0.001432	
  0.894404	  0.001440	  0.007585	  0.096571	
  0.991307	  0.002706	  0.001993	  0.003994	
  0.011143	  0.973529	  0.013241	  0.002087	
  0.016468	  0.532173	  0.009621	  0.441739	
  0.462373	  0.120288	  0.237126	  0.180213	
  0.392685	  0.223865	  0.229697	  0.153753	

