MEME version 4

ALPHABET= ACGT

strands: + -

A 0.25000 C 0.25000 G 0.25000 T 0.25000 

MOTIF	Irf6_primary_uniprobe
letter-probability matrix: alength= 4 w= 17 nsites= 20 E= 0
  0.256714	  0.363080	  0.149403	  0.230804	
  0.312941	  0.135162	  0.190389	  0.361507	
  0.255033	  0.128823	  0.354898	  0.261246	
  0.667588	  0.053933	  0.205778	  0.072701	
  0.199950	  0.339707	  0.114445	  0.345899	
  0.029853	  0.908514	  0.006383	  0.055250	
  0.019621	  0.002231	  0.976266	  0.001882	
  0.983875	  0.005320	  0.008639	  0.002166	
  0.698671	  0.002741	  0.006725	  0.291864	
  0.990097	  0.003609	  0.003047	  0.003247	
  0.008905	  0.975208	  0.011495	  0.004392	
  0.022092	  0.611448	  0.018828	  0.347632	
  0.538109	  0.125313	  0.241515	  0.095063	
  0.456841	  0.205124	  0.177213	  0.160822	
  0.372926	  0.189134	  0.195747	  0.242193	
  0.217155	  0.198027	  0.300393	  0.284425	
  0.277630	  0.187849	  0.237049	  0.297472	

