MEME version 4

ALPHABET= ACGT

strands: + -

A 0.25000 C 0.25000 G 0.25000 T 0.25000 

MOTIF	Irf6_secondary_uniprobe
letter-probability matrix: alength= 4 w= 15 nsites= 20 E= 0
  0.326255	  0.256976	  0.231005	  0.185764	
  0.145621	  0.315489	  0.266193	  0.272698	
  0.138750	  0.396937	  0.205185	  0.259127	
  0.534194	  0.121488	  0.084178	  0.260140	
  0.201823	  0.589398	  0.086624	  0.122154	
  0.031428	  0.023221	  0.066048	  0.879303	
  0.022389	  0.889379	  0.049165	  0.039067	
  0.042252	  0.295983	  0.085234	  0.576531	
  0.022905	  0.915187	  0.021569	  0.040339	
  0.117305	  0.061052	  0.716358	  0.105285	
  0.205873	  0.113582	  0.609303	  0.071242	
  0.110208	  0.084907	  0.274228	  0.530658	
  0.233550	  0.385055	  0.150708	  0.230687	
  0.333806	  0.136131	  0.311600	  0.218463	
  0.216423	  0.309361	  0.281145	  0.193072	

