MEME version 4

ALPHABET= ACGT

strands: + -

A 0.25000 C 0.25000 G 0.25000 T 0.25000 

MOTIF	Irx3_0920.1_uniprobe
letter-probability matrix: alength= 4 w= 17 nsites= 20 E= 0
  0.369314	  0.086226	  0.205101	  0.339359	
  0.332302	  0.160101	  0.284255	  0.223343	
  0.291107	  0.190306	  0.229518	  0.289068	
  0.295366	  0.218346	  0.264868	  0.221420	
  0.224029	  0.007037	  0.047157	  0.721777	
  0.935123	  0.014036	  0.014073	  0.036768	
  0.004474	  0.977496	  0.005620	  0.012411	
  0.924256	  0.001181	  0.015903	  0.058661	
  0.058661	  0.015903	  0.001181	  0.924256	
  0.012411	  0.005620	  0.977496	  0.004474	
  0.036768	  0.014073	  0.014036	  0.935123	
  0.721777	  0.047157	  0.007037	  0.224029	
  0.449320	  0.226936	  0.166094	  0.157650	
  0.313283	  0.070145	  0.179424	  0.437148	
  0.522855	  0.074913	  0.105873	  0.296358	
  0.185897	  0.387406	  0.129138	  0.297559	
  0.276853	  0.127952	  0.189255	  0.405940	

