MEME version 4

ALPHABET= ACGT

strands: + -

A 0.25000 C 0.25000 G 0.25000 T 0.25000 

MOTIF	Irx4_2242.3_uniprobe
letter-probability matrix: alength= 4 w= 17 nsites= 20 E= 0
  0.448141	  0.082257	  0.141153	  0.328449	
  0.354010	  0.179239	  0.231684	  0.235067	
  0.300226	  0.196857	  0.192403	  0.310514	
  0.269192	  0.228296	  0.259727	  0.242784	
  0.325458	  0.008737	  0.038497	  0.627307	
  0.907258	  0.013201	  0.015875	  0.063665	
  0.010499	  0.935216	  0.007784	  0.046501	
  0.897816	  0.001332	  0.019141	  0.081711	
  0.081711	  0.019141	  0.001332	  0.897816	
  0.046501	  0.007784	  0.935216	  0.010499	
  0.063665	  0.015875	  0.013201	  0.907258	
  0.627307	  0.038497	  0.008737	  0.325458	
  0.563710	  0.193341	  0.098815	  0.144134	
  0.461314	  0.079125	  0.155617	  0.303944	
  0.513284	  0.108439	  0.126002	  0.252275	
  0.195487	  0.320893	  0.240955	  0.242665	
  0.385008	  0.137791	  0.149762	  0.327440	

