MEME version 4

ALPHABET= ACGT

strands: + -

A 0.25000 C 0.25000 G 0.25000 T 0.25000 

MOTIF	Isgf3g_secondary_uniprobe
letter-probability matrix: alength= 4 w= 14 nsites= 20 E= 0
  0.113635	  0.178866	  0.482345	  0.225154	
  0.215681	  0.349718	  0.322425	  0.112176	
  0.531586	  0.135115	  0.158779	  0.174520	
  0.601494	  0.055940	  0.147264	  0.195302	
  0.788611	  0.050582	  0.074153	  0.086654	
  0.784813	  0.026511	  0.113352	  0.075324	
  0.118471	  0.585008	  0.227919	  0.068601	
  0.641796	  0.065007	  0.107890	  0.185307	
  0.107452	  0.258361	  0.305975	  0.328212	
  0.212127	  0.071117	  0.296501	  0.420255	
  0.640973	  0.089819	  0.088909	  0.180299	
  0.187019	  0.539213	  0.126990	  0.146777	
  0.191363	  0.237319	  0.178281	  0.393036	
  0.391151	  0.109944	  0.276262	  0.222644	

