MEME version 4

ALPHABET= ACGT

strands: + -

A 0.25000 C 0.25000 G 0.25000 T 0.25000 

MOTIF	Isl2_3430.1_uniprobe
letter-probability matrix: alength= 4 w= 16 nsites= 20 E= 0
  0.380653	  0.464278	  0.069710	  0.085358	
  0.372741	  0.252485	  0.094893	  0.279881	
  0.400406	  0.346871	  0.119279	  0.133444	
  0.582825	  0.148558	  0.126868	  0.141748	
  0.743019	  0.117598	  0.049691	  0.089692	
  0.055277	  0.296642	  0.093515	  0.554566	
  0.016892	  0.507616	  0.007671	  0.467820	
  0.599279	  0.361703	  0.019061	  0.019957	
  0.705284	  0.282581	  0.005323	  0.006811	
  0.013750	  0.013079	  0.004736	  0.968435	
  0.013264	  0.013804	  0.004612	  0.968319	
  0.933004	  0.004447	  0.005179	  0.057370	
  0.656051	  0.041577	  0.212432	  0.089940	
  0.145543	  0.109863	  0.307597	  0.436997	
  0.323514	  0.098571	  0.137254	  0.440660	
  0.204784	  0.284909	  0.075638	  0.434669	

