MEME version 4

ALPHABET= ACGT

strands: + -

A 0.25000 C 0.25000 G 0.25000 T 0.25000 

MOTIF	Jundm2_secondary_uniprobe
letter-probability matrix: alength= 4 w= 16 nsites= 20 E= 0
  0.330782	  0.277751	  0.217248	  0.174219	
  0.254084	  0.133750	  0.268028	  0.344139	
  0.102715	  0.138642	  0.266735	  0.491907	
  0.211090	  0.115754	  0.489453	  0.183704	
  0.634392	  0.029243	  0.325725	  0.010641	
  0.004585	  0.006792	  0.004564	  0.984059	
  0.003235	  0.005036	  0.896873	  0.094857	
  0.914016	  0.069061	  0.002354	  0.014569	
  0.011308	  0.444033	  0.533844	  0.010815	
  0.007986	  0.005770	  0.003251	  0.982993	
  0.043876	  0.948120	  0.005054	  0.002950	
  0.985583	  0.003417	  0.008056	  0.002944	
  0.017035	  0.521313	  0.032053	  0.429599	
  0.331412	  0.414679	  0.097833	  0.156076	
  0.317623	  0.218390	  0.235348	  0.228638	
  0.308376	  0.291095	  0.191412	  0.209116	

