MEME version 4

ALPHABET= ACGT

strands: + -

A 0.25000 C 0.25000 G 0.25000 T 0.25000 

MOTIF	Klf7_primary_uniprobe
letter-probability matrix: alength= 4 w= 16 nsites= 20 E= 0
  0.204514	  0.198353	  0.171218	  0.425915	
  0.167188	  0.296785	  0.246082	  0.289946	
  0.267330	  0.148001	  0.398674	  0.185994	
  0.549386	  0.060167	  0.337100	  0.053347	
  0.050746	  0.900013	  0.022169	  0.027073	
  0.037905	  0.920332	  0.008360	  0.033403	
  0.410356	  0.566702	  0.016267	  0.006675	
  0.009526	  0.982354	  0.001060	  0.007060	
  0.204292	  0.001084	  0.748567	  0.046056	
  0.003955	  0.988490	  0.002821	  0.004735	
  0.004264	  0.988826	  0.004311	  0.002598	
  0.002758	  0.929549	  0.001244	  0.066448	
  0.260332	  0.421683	  0.024720	  0.293265	
  0.184798	  0.247697	  0.085237	  0.482268	
  0.347537	  0.197344	  0.139961	  0.315159	
  0.255281	  0.166620	  0.242297	  0.335802	

