MEME version 4

ALPHABET= ACGT

strands: + -

A 0.25000 C 0.25000 G 0.25000 T 0.25000 

MOTIF	Lef1_secondary_uniprobe
letter-probability matrix: alength= 4 w= 16 nsites= 20 E= 0
  0.225775	  0.266368	  0.393085	  0.114772	
  0.435548	  0.077011	  0.232595	  0.254846	
  0.416750	  0.144725	  0.322119	  0.116406	
  0.172866	  0.341069	  0.390257	  0.095807	
  0.809227	  0.021474	  0.010361	  0.158938	
  0.039268	  0.014676	  0.010455	  0.935601	
  0.015615	  0.901755	  0.039475	  0.043155	
  0.944804	  0.006853	  0.008451	  0.039892	
  0.934861	  0.010096	  0.037766	  0.017277	
  0.026944	  0.020363	  0.046918	  0.905775	
  0.108303	  0.713885	  0.010564	  0.167248	
  0.679723	  0.017661	  0.275577	  0.027039	
  0.239565	  0.345553	  0.186641	  0.228241	
  0.088115	  0.243857	  0.204018	  0.464010	
  0.331032	  0.182800	  0.110215	  0.375953	
  0.337037	  0.160373	  0.185584	  0.317006	

