MEME version 4

ALPHABET= ACGT

strands: + -

A 0.25000 C 0.25000 G 0.25000 T 0.25000 

MOTIF	Lhx1_2240.2_uniprobe
letter-probability matrix: alength= 4 w= 17 nsites= 20 E= 0
  0.315209	  0.366241	  0.224448	  0.094102	
  0.226797	  0.179144	  0.492088	  0.101972	
  0.381904	  0.174944	  0.190109	  0.253043	
  0.579946	  0.093451	  0.164863	  0.161740	
  0.033857	  0.165951	  0.023937	  0.776255	
  0.010562	  0.080337	  0.000382	  0.908720	
  0.983678	  0.007671	  0.007262	  0.001389	
  0.976701	  0.001039	  0.004283	  0.017977	
  0.017977	  0.004283	  0.001039	  0.976701	
  0.001389	  0.007262	  0.007671	  0.983678	
  0.908720	  0.000382	  0.080337	  0.010562	
  0.776255	  0.023937	  0.165951	  0.033857	
  0.372268	  0.146397	  0.084885	  0.396450	
  0.497647	  0.117799	  0.091325	  0.293229	
  0.643159	  0.113094	  0.055630	  0.188117	
  0.275637	  0.292310	  0.136698	  0.295355	
  0.149905	  0.181595	  0.349326	  0.319174	

