MEME version 4

ALPHABET= ACGT

strands: + -

A 0.25000 C 0.25000 G 0.25000 T 0.25000 

MOTIF	Lhx2_0953.2_uniprobe
letter-probability matrix: alength= 4 w= 17 nsites= 20 E= 0
  0.306381	  0.070056	  0.121055	  0.502507	
  0.440319	  0.242823	  0.207039	  0.109819	
  0.451252	  0.237733	  0.123139	  0.187877	
  0.657676	  0.134906	  0.144848	  0.062570	
  0.048311	  0.670447	  0.008689	  0.272553	
  0.010051	  0.184407	  0.000426	  0.805116	
  0.932821	  0.062003	  0.001821	  0.003355	
  0.958986	  0.001171	  0.038281	  0.001563	
  0.001563	  0.038281	  0.001171	  0.958986	
  0.003355	  0.001821	  0.062003	  0.932821	
  0.805116	  0.000426	  0.184407	  0.010051	
  0.272553	  0.008689	  0.670447	  0.048311	
  0.108690	  0.354924	  0.145648	  0.390738	
  0.142872	  0.109669	  0.389506	  0.357952	
  0.377090	  0.276457	  0.174829	  0.171623	
  0.269039	  0.255834	  0.221229	  0.253898	
  0.230032	  0.281712	  0.261894	  0.226363	

