MEME version 4

ALPHABET= ACGT

strands: + -

A 0.25000 C 0.25000 G 0.25000 T 0.25000 

MOTIF	Lhx4_1719.2_uniprobe
letter-probability matrix: alength= 4 w= 17 nsites= 20 E= 0
  0.238398	  0.103056	  0.288106	  0.370441	
  0.528663	  0.240528	  0.054646	  0.176163	
  0.410472	  0.174022	  0.180450	  0.235056	
  0.393508	  0.221555	  0.226049	  0.158888	
  0.076115	  0.713665	  0.129236	  0.080984	
  0.011391	  0.202097	  0.000933	  0.785579	
  0.915021	  0.010032	  0.073911	  0.001035	
  0.986624	  0.004305	  0.006656	  0.002415	
  0.002415	  0.006656	  0.004305	  0.986624	
  0.001035	  0.073911	  0.010032	  0.915021	
  0.785579	  0.000933	  0.202097	  0.011391	
  0.080984	  0.129236	  0.713665	  0.076115	
  0.093319	  0.422657	  0.265078	  0.218946	
  0.088211	  0.105808	  0.249479	  0.556502	
  0.310164	  0.089961	  0.144321	  0.455554	
  0.058447	  0.084506	  0.187743	  0.669304	
  0.180932	  0.123294	  0.545619	  0.150155	

