MEME version 4

ALPHABET= ACGT

strands: + -

A 0.25000 C 0.25000 G 0.25000 T 0.25000 

MOTIF	Lhx5_2279.1_uniprobe
letter-probability matrix: alength= 4 w= 17 nsites= 20 E= 0
  0.192127	  0.348816	  0.300474	  0.158583	
  0.251871	  0.201197	  0.314740	  0.232192	
  0.469240	  0.195840	  0.137749	  0.197171	
  0.620351	  0.063061	  0.196615	  0.119973	
  0.026357	  0.096838	  0.024928	  0.851877	
  0.010301	  0.066114	  0.000301	  0.923283	
  0.980649	  0.007663	  0.010886	  0.000802	
  0.981397	  0.001294	  0.004654	  0.012655	
  0.012655	  0.004654	  0.001294	  0.981397	
  0.000802	  0.010886	  0.007663	  0.980649	
  0.923283	  0.000301	  0.066114	  0.010301	
  0.851877	  0.024928	  0.096838	  0.026357	
  0.528438	  0.142302	  0.071537	  0.257724	
  0.296647	  0.115284	  0.062688	  0.525382	
  0.401193	  0.235971	  0.157675	  0.205160	
  0.309966	  0.315367	  0.145959	  0.228708	
  0.089761	  0.287439	  0.205359	  0.417441	

