MEME version 4

ALPHABET= ACGT

strands: + -

A 0.25000 C 0.25000 G 0.25000 T 0.25000 

MOTIF	Lhx9_3492.1_uniprobe
letter-probability matrix: alength= 4 w= 17 nsites= 20 E= 0
  0.143124	  0.546306	  0.136465	  0.174105	
  0.054904	  0.381029	  0.348884	  0.215184	
  0.201680	  0.481386	  0.062991	  0.253942	
  0.664155	  0.069835	  0.143813	  0.122196	
  0.098341	  0.270840	  0.037824	  0.592994	
  0.017221	  0.154123	  0.000658	  0.827998	
  0.958292	  0.025812	  0.015024	  0.000873	
  0.974484	  0.001008	  0.015671	  0.008838	
  0.008838	  0.015671	  0.001008	  0.974484	
  0.000873	  0.015024	  0.025812	  0.958292	
  0.827998	  0.000658	  0.154123	  0.017221	
  0.592994	  0.037824	  0.270840	  0.098341	
  0.182339	  0.098904	  0.107628	  0.611129	
  0.211792	  0.356256	  0.161489	  0.270462	
  0.509308	  0.264569	  0.151044	  0.075079	
  0.160962	  0.437401	  0.207749	  0.193888	
  0.093757	  0.367023	  0.178331	  0.360890	

