MEME version 4

ALPHABET= ACGT

strands: + -

A 0.25000 C 0.25000 G 0.25000 T 0.25000 

MOTIF	Lmx1a_2238.2_uniprobe
letter-probability matrix: alength= 4 w= 17 nsites= 20 E= 0
  0.163027	  0.506393	  0.246327	  0.084254	
  0.173471	  0.211164	  0.477036	  0.138330	
  0.431859	  0.182416	  0.155298	  0.230427	
  0.420560	  0.127574	  0.126915	  0.324951	
  0.060842	  0.128686	  0.037075	  0.773398	
  0.032236	  0.035967	  0.001358	  0.930439	
  0.938541	  0.008352	  0.007051	  0.046057	
  0.964464	  0.001596	  0.003362	  0.030579	
  0.030579	  0.003362	  0.001596	  0.964464	
  0.046057	  0.007051	  0.008352	  0.938541	
  0.930439	  0.001358	  0.035967	  0.032236	
  0.773398	  0.037075	  0.128686	  0.060842	
  0.498149	  0.057242	  0.091924	  0.352686	
  0.520755	  0.121277	  0.054120	  0.303848	
  0.483290	  0.175070	  0.069683	  0.271957	
  0.221557	  0.366894	  0.153619	  0.257930	
  0.167920	  0.342643	  0.169856	  0.319581	

