MEME version 4

ALPHABET= ACGT

strands: + -

A 0.25000 C 0.25000 G 0.25000 T 0.25000 

MOTIF	Mafb_secondary_uniprobe
letter-probability matrix: alength= 4 w= 15 nsites= 20 E= 0
  0.252282	  0.327541	  0.191496	  0.228681	
  0.414891	  0.181997	  0.235538	  0.167574	
  0.369812	  0.192315	  0.212893	  0.224980	
  0.081917	  0.107880	  0.138544	  0.671658	
  0.047759	  0.100595	  0.120673	  0.730973	
  0.047381	  0.062772	  0.828041	  0.061806	
  0.072158	  0.761630	  0.036201	  0.130011	
  0.864499	  0.033229	  0.075644	  0.026628	
  0.582375	  0.061546	  0.165161	  0.190919	
  0.759130	  0.069223	  0.042608	  0.129039	
  0.876128	  0.026080	  0.044094	  0.053698	
  0.591029	  0.038029	  0.042683	  0.328259	
  0.386455	  0.121389	  0.078693	  0.413463	
  0.325396	  0.158893	  0.282102	  0.233609	
  0.218806	  0.187059	  0.151824	  0.442312	

