MEME version 4

ALPHABET= ACGT

strands: + -

A 0.25000 C 0.25000 G 0.25000 T 0.25000 

MOTIF	Meox1_2310.2_uniprobe
letter-probability matrix: alength= 4 w= 16 nsites= 20 E= 0
  0.298847	  0.198523	  0.433416	  0.069214	
  0.386190	  0.289012	  0.268810	  0.055988	
  0.182785	  0.122104	  0.444752	  0.250359	
  0.176067	  0.092050	  0.527088	  0.204795	
  0.008384	  0.167219	  0.000377	  0.824020	
  0.908714	  0.062594	  0.026868	  0.001824	
  0.979659	  0.011382	  0.001384	  0.007575	
  0.007575	  0.001384	  0.011382	  0.979659	
  0.001824	  0.026868	  0.062594	  0.908714	
  0.824020	  0.000377	  0.167219	  0.008384	
  0.100726	  0.429327	  0.284198	  0.185749	
  0.250359	  0.444752	  0.122104	  0.182785	
  0.159907	  0.294669	  0.078059	  0.467365	
  0.160364	  0.395190	  0.204433	  0.240014	
  0.750873	  0.081169	  0.080050	  0.087908	
  0.178743	  0.090910	  0.569589	  0.160758	

