MEME version 4

ALPHABET= ACGT

strands: + -

A 0.25000 C 0.25000 G 0.25000 T 0.25000 

MOTIF	Mrg1_2246.2_uniprobe
letter-probability matrix: alength= 4 w= 16 nsites= 20 E= 0
  0.378836	  0.145096	  0.102046	  0.374022	
  0.507161	  0.090730	  0.177058	  0.225051	
  0.277496	  0.234581	  0.275775	  0.212149	
  0.065300	  0.339403	  0.360939	  0.234358	
  0.918963	  0.010948	  0.043262	  0.026826	
  0.017295	  0.545133	  0.416603	  0.020969	
  0.023391	  0.962223	  0.007311	  0.007075	
  0.001760	  0.020258	  0.000360	  0.977622	
  0.013946	  0.000586	  0.983699	  0.001769	
  0.035910	  0.004825	  0.000197	  0.959068	
  0.001465	  0.991446	  0.001338	  0.005750	
  0.986785	  0.001158	  0.005848	  0.006209	
  0.715894	  0.043046	  0.018966	  0.222093	
  0.332332	  0.084841	  0.098421	  0.484405	
  0.473739	  0.198580	  0.152072	  0.175610	
  0.211505	  0.325971	  0.212211	  0.250313	

