MEME version 4

ALPHABET= ACGT

strands: + -

A 0.25000 C 0.25000 G 0.25000 T 0.25000 

MOTIF	Mrg2_2302.1_uniprobe
letter-probability matrix: alength= 4 w= 16 nsites= 20 E= 0
  0.451361	  0.129344	  0.139593	  0.279702	
  0.590642	  0.061045	  0.179638	  0.168676	
  0.264848	  0.211505	  0.252514	  0.271134	
  0.108876	  0.280056	  0.299987	  0.311081	
  0.771098	  0.021050	  0.148609	  0.059244	
  0.030292	  0.505912	  0.423702	  0.040094	
  0.053400	  0.869563	  0.021964	  0.055073	
  0.001749	  0.029333	  0.000487	  0.968430	
  0.007267	  0.000536	  0.989450	  0.002747	
  0.031237	  0.006659	  0.000558	  0.961545	
  0.001520	  0.992342	  0.001637	  0.004501	
  0.976582	  0.004910	  0.010811	  0.007697	
  0.640869	  0.062002	  0.032830	  0.264299	
  0.318843	  0.128253	  0.123096	  0.429808	
  0.432137	  0.269895	  0.155457	  0.142512	
  0.247124	  0.427480	  0.147164	  0.178233	

