MEME version 4

ALPHABET= ACGT

strands: + -

A 0.25000 C 0.25000 G 0.25000 T 0.25000 

MOTIF	Msx1_3031.2_uniprobe
letter-probability matrix: alength= 4 w= 16 nsites= 20 E= 0
  0.176254	  0.240547	  0.266149	  0.317051	
  0.249721	  0.185303	  0.390407	  0.174569	
  0.291914	  0.431530	  0.110832	  0.165724	
  0.356133	  0.199855	  0.109079	  0.334933	
  0.659249	  0.057906	  0.160160	  0.122686	
  0.138447	  0.426703	  0.128902	  0.305947	
  0.011100	  0.240428	  0.000504	  0.747968	
  0.980709	  0.015645	  0.001025	  0.002622	
  0.991071	  0.001644	  0.003211	  0.004074	
  0.006348	  0.001513	  0.002213	  0.989926	
  0.007040	  0.002724	  0.002671	  0.987565	
  0.816261	  0.000899	  0.173088	  0.009752	
  0.437637	  0.174123	  0.210652	  0.177588	
  0.097426	  0.107419	  0.175272	  0.619883	
  0.257977	  0.229735	  0.181529	  0.330758	
  0.314445	  0.362427	  0.126918	  0.196210	

