MEME version 4

ALPHABET= ACGT

strands: + -

A 0.25000 C 0.25000 G 0.25000 T 0.25000 

MOTIF	Msx2_3449.1_uniprobe
letter-probability matrix: alength= 4 w= 17 nsites= 20 E= 0
  0.275513	  0.256811	  0.311675	  0.156002	
  0.383321	  0.282527	  0.177970	  0.156182	
  0.442557	  0.124681	  0.236862	  0.195901	
  0.139318	  0.227241	  0.544119	  0.089322	
  0.700103	  0.083893	  0.130336	  0.085668	
  0.022691	  0.796940	  0.114830	  0.065539	
  0.009654	  0.562163	  0.000715	  0.427467	
  0.990884	  0.001732	  0.002330	  0.005053	
  0.985387	  0.012176	  0.000854	  0.001584	
  0.005044	  0.003260	  0.000977	  0.990719	
  0.005122	  0.009507	  0.000372	  0.984999	
  0.957648	  0.000380	  0.035397	  0.006575	
  0.147183	  0.050632	  0.560835	  0.241350	
  0.114465	  0.415702	  0.084791	  0.385042	
  0.157227	  0.095566	  0.474272	  0.272935	
  0.245081	  0.362599	  0.108499	  0.283820	
  0.092460	  0.210730	  0.114248	  0.582562	

