MEME version 4

ALPHABET= ACGT

strands: + -

A 0.25000 C 0.25000 G 0.25000 T 0.25000 

MOTIF	Msx3_3206.1_uniprobe
letter-probability matrix: alength= 4 w= 16 nsites= 20 E= 0
  0.317812	  0.352438	  0.231628	  0.098123	
  0.601471	  0.133830	  0.164947	  0.099752	
  0.399508	  0.293187	  0.098524	  0.208781	
  0.754569	  0.054130	  0.133622	  0.057678	
  0.770469	  0.088090	  0.086904	  0.054537	
  0.038689	  0.673100	  0.189096	  0.099115	
  0.004935	  0.522968	  0.000482	  0.471615	
  0.986316	  0.001484	  0.009222	  0.002978	
  0.991636	  0.005079	  0.001457	  0.001828	
  0.009156	  0.001857	  0.001081	  0.987906	
  0.013688	  0.006588	  0.000191	  0.979532	
  0.987635	  0.000354	  0.005166	  0.006845	
  0.701095	  0.027828	  0.154852	  0.116224	
  0.181731	  0.184800	  0.303458	  0.330011	
  0.224816	  0.221032	  0.182405	  0.371747	
  0.310539	  0.208307	  0.099081	  0.382073	

