MEME version 4

ALPHABET= ACGT

strands: + -

A 0.25000 C 0.25000 G 0.25000 T 0.25000 

MOTIF	Mybl1_primary_uniprobe
letter-probability matrix: alength= 4 w= 17 nsites= 20 E= 0
  0.219490	  0.243488	  0.196239	  0.340783	
  0.242096	  0.094435	  0.234242	  0.429226	
  0.242319	  0.155536	  0.366023	  0.236122	
  0.369837	  0.185801	  0.219486	  0.224876	
  0.390568	  0.211210	  0.098244	  0.299978	
  0.782192	  0.011783	  0.158354	  0.047671	
  0.837985	  0.006254	  0.084522	  0.071239	
  0.027255	  0.965067	  0.001360	  0.006318	
  0.006706	  0.831051	  0.151462	  0.010782	
  0.003491	  0.002829	  0.991758	  0.001921	
  0.004195	  0.009136	  0.009776	  0.976893	
  0.009860	  0.166761	  0.002159	  0.821220	
  0.709623	  0.006957	  0.204415	  0.079005	
  0.316262	  0.239384	  0.140024	  0.304330	
  0.254660	  0.237146	  0.090326	  0.417868	
  0.289939	  0.309708	  0.068038	  0.332316	
  0.262670	  0.214791	  0.217375	  0.305164	

