MEME version 4

ALPHABET= ACGT

strands: + -

A 0.25 C 0.25 G 0.25 T 0.25

MOTIF	NFIC::TLX1_jaspar
letter-probability matrix: alength= 4 w= 14 nsites= 16 E= 0
 0.000000  0.000000  0.000000  1.000000
 0.000000  0.000000  1.000000  0.000000
 0.000000  0.000000  1.000000  0.000000
 0.000000  1.000000  0.000000  0.000000
 0.875000  0.062500  0.000000  0.062500
 0.125000  0.500000  0.312500  0.062500
 0.125000  0.500000  0.250000  0.125000
 0.437500  0.062500  0.312500  0.187500
 0.250000  0.187500  0.125000  0.437500
 0.000000  0.000000  1.000000  0.000000
 0.000000  1.000000  0.000000  0.000000
 0.000000  1.000000  0.000000  0.000000
 1.000000  0.000000  0.000000  0.000000
 0.875000  0.000000  0.062500  0.062500

