MEME version 4

ALPHABET= ACGT

strands: + -

A 0.25000 C 0.25000 G 0.25000 T 0.25000 

MOTIF	Nkx1-1_3856.3_uniprobe
letter-probability matrix: alength= 4 w= 17 nsites= 20 E= 0
  0.353447	  0.068118	  0.120462	  0.457973	
  0.169987	  0.245776	  0.546030	  0.038207	
  0.262042	  0.483886	  0.125630	  0.128442	
  0.354878	  0.202410	  0.397957	  0.044755	
  0.047984	  0.627223	  0.134949	  0.189844	
  0.007630	  0.416328	  0.000687	  0.575355	
  0.884176	  0.112464	  0.001228	  0.002132	
  0.953912	  0.001377	  0.001269	  0.043443	
  0.043443	  0.001269	  0.001377	  0.953912	
  0.002132	  0.001228	  0.112464	  0.884176	
  0.575355	  0.000687	  0.416328	  0.007630	
  0.189844	  0.134949	  0.627223	  0.047984	
  0.014022	  0.455684	  0.058677	  0.471617	
  0.112401	  0.095488	  0.677137	  0.114973	
  0.101198	  0.313778	  0.492626	  0.092398	
  0.160044	  0.156084	  0.492477	  0.191395	
  0.358939	  0.198163	  0.262649	  0.180248	

