MEME version 4

ALPHABET= ACGT

strands: + -

A 0.25000 C 0.25000 G 0.25000 T 0.25000 

MOTIF	Nkx2-5_3436.1_uniprobe
letter-probability matrix: alength= 4 w= 16 nsites= 20 E= 0
  0.284346	  0.280937	  0.138180	  0.296538	
  0.399663	  0.110464	  0.327481	  0.162392	
  0.637560	  0.029806	  0.218321	  0.114314	
  0.184898	  0.144379	  0.370828	  0.299895	
  0.017459	  0.862111	  0.118223	  0.002207	
  0.001004	  0.958164	  0.000888	  0.039945	
  0.947796	  0.011499	  0.000413	  0.040291	
  0.024268	  0.973476	  0.000709	  0.001546	
  0.002616	  0.001901	  0.003337	  0.992147	
  0.006742	  0.071290	  0.000276	  0.921691	
  0.393078	  0.093424	  0.490620	  0.022879	
  0.870162	  0.007294	  0.051952	  0.070591	
  0.632449	  0.156278	  0.172644	  0.038628	
  0.362798	  0.126579	  0.085796	  0.424828	
  0.132810	  0.206405	  0.025084	  0.635702	
  0.094708	  0.272324	  0.087702	  0.545267	

