MEME version 4

ALPHABET= ACGT

strands: + -

A 0.25000 C 0.25000 G 0.25000 T 0.25000 

MOTIF	Nkx2-6_3437.1_uniprobe
letter-probability matrix: alength= 4 w= 16 nsites= 20 E= 0
  0.217416	  0.196318	  0.223786	  0.362479	
  0.398508	  0.155537	  0.270546	  0.175410	
  0.791392	  0.022106	  0.126944	  0.059558	
  0.211671	  0.145452	  0.349401	  0.293476	
  0.023830	  0.847357	  0.127125	  0.001688	
  0.001426	  0.942475	  0.000495	  0.055604	
  0.969354	  0.001012	  0.000987	  0.028646	
  0.017358	  0.980969	  0.000778	  0.000894	
  0.001816	  0.004181	  0.001573	  0.992430	
  0.000925	  0.059099	  0.000431	  0.939544	
  0.670672	  0.011130	  0.312570	  0.005628	
  0.757147	  0.010903	  0.032137	  0.199813	
  0.335600	  0.359053	  0.277277	  0.028070	
  0.440449	  0.199116	  0.111993	  0.248442	
  0.126577	  0.210049	  0.039661	  0.623714	
  0.088481	  0.233166	  0.032706	  0.645647	

