MEME version 4

ALPHABET= ACGT

strands: + -

A 0.25000 C 0.25000 G 0.25000 T 0.25000 

MOTIF	Nkx2-2_2823.1_uniprobe
letter-probability matrix: alength= 4 w= 17 nsites= 20 E= 0
  0.299323	  0.258429	  0.141957	  0.300291	
  0.267631	  0.143882	  0.146933	  0.441554	
  0.482614	  0.212022	  0.233631	  0.071733	
  0.430836	  0.073912	  0.334439	  0.160813	
  0.124944	  0.704331	  0.166815	  0.003910	
  0.001941	  0.876479	  0.000828	  0.120752	
  0.920202	  0.005985	  0.000456	  0.073357	
  0.023544	  0.974093	  0.000859	  0.001505	
  0.005010	  0.003098	  0.001328	  0.990564	
  0.003250	  0.198149	  0.000490	  0.798110	
  0.134659	  0.104976	  0.753464	  0.006901	
  0.932490	  0.000724	  0.006140	  0.060646	
  0.504530	  0.106203	  0.360995	  0.028271	
  0.673257	  0.074893	  0.106536	  0.145314	
  0.356324	  0.097610	  0.230142	  0.315924	
  0.129483	  0.188353	  0.203623	  0.478542	
  0.289071	  0.157675	  0.231909	  0.321345	

