MEME version 4

ALPHABET= ACGT

strands: + -

A 0.25000 C 0.25000 G 0.25000 T 0.25000 

MOTIF	Nkx3-1_2923.2_uniprobe
letter-probability matrix: alength= 4 w= 17 nsites= 20 E= 0
  0.230343	  0.129202	  0.214468	  0.425986	
  0.359358	  0.121340	  0.162570	  0.356732	
  0.227575	  0.345211	  0.162386	  0.264827	
  0.285383	  0.076814	  0.227804	  0.409998	
  0.760754	  0.004039	  0.216886	  0.018321	
  0.850903	  0.006399	  0.121474	  0.021224	
  0.007291	  0.042579	  0.943324	  0.006806	
  0.001583	  0.137946	  0.005502	  0.854969	
  0.854969	  0.005502	  0.137946	  0.001583	
  0.006806	  0.943324	  0.042579	  0.007291	
  0.021224	  0.121474	  0.006399	  0.850903	
  0.018321	  0.216886	  0.004039	  0.760754	
  0.691606	  0.099604	  0.051045	  0.157745	
  0.629431	  0.051419	  0.224807	  0.094342	
  0.570121	  0.143534	  0.137491	  0.148853	
  0.303064	  0.084741	  0.174009	  0.438186	
  0.202801	  0.252788	  0.303231	  0.241180	

