MEME version 4

ALPHABET= ACGT

strands: + -

A 0.25000 C 0.25000 G 0.25000 T 0.25000 

MOTIF	Nkx6-3_3446.1_uniprobe
letter-probability matrix: alength= 4 w= 17 nsites= 20 E= 0
  0.211080	  0.172311	  0.431247	  0.185362	
  0.384982	  0.234092	  0.223039	  0.157886	
  0.310057	  0.205880	  0.172143	  0.311920	
  0.457713	  0.100792	  0.100760	  0.340735	
  0.675530	  0.025764	  0.022872	  0.275835	
  0.177571	  0.016003	  0.029571	  0.776854	
  0.005091	  0.070291	  0.000805	  0.923813	
  0.985078	  0.003252	  0.005333	  0.006337	
  0.983499	  0.002121	  0.005028	  0.009353	
  0.019439	  0.004503	  0.002273	  0.973785	
  0.008771	  0.016780	  0.249674	  0.724776	
  0.843445	  0.003550	  0.123087	  0.029918	
  0.296529	  0.352616	  0.228921	  0.121934	
  0.089109	  0.193310	  0.157449	  0.560132	
  0.136822	  0.217266	  0.312594	  0.333318	
  0.192396	  0.261720	  0.233534	  0.312350	
  0.080253	  0.215905	  0.453925	  0.249917	

