MEME version 4

ALPHABET= ACGT

strands: + -

A 0.25000 C 0.25000 G 0.25000 T 0.25000 

MOTIF	Nkx6-1_2825.2_uniprobe
letter-probability matrix: alength= 4 w= 16 nsites= 20 E= 0
  0.374310	  0.230699	  0.252908	  0.142083	
  0.258655	  0.244972	  0.389523	  0.106849	
  0.089544	  0.208931	  0.058690	  0.642834	
  0.556516	  0.079666	  0.072155	  0.291664	
  0.841106	  0.021961	  0.022921	  0.114011	
  0.177460	  0.012063	  0.036386	  0.774091	
  0.004521	  0.066150	  0.000902	  0.928427	
  0.984856	  0.003630	  0.006004	  0.005509	
  0.981314	  0.002132	  0.003886	  0.012669	
  0.017140	  0.003602	  0.002092	  0.977166	
  0.010220	  0.018105	  0.260714	  0.710961	
  0.787516	  0.004248	  0.169160	  0.039076	
  0.094876	  0.426664	  0.219682	  0.258779	
  0.145943	  0.237898	  0.276354	  0.339805	
  0.081406	  0.339987	  0.064265	  0.514341	
  0.118016	  0.572980	  0.128301	  0.180703	

