MEME version 4

ALPHABET= ACGT

strands: + -

A 0.25000 C 0.25000 G 0.25000 T 0.25000 

MOTIF	Nr2f2_secondary_uniprobe
letter-probability matrix: alength= 4 w= 16 nsites= 20 E= 0
  0.195749	  0.435700	  0.196915	  0.171636	
  0.131070	  0.131912	  0.417834	  0.319184	
  0.238959	  0.441529	  0.174973	  0.144539	
  0.187749	  0.189727	  0.405849	  0.216675	
  0.006751	  0.541370	  0.182092	  0.269787	
  0.005388	  0.590608	  0.339869	  0.064135	
  0.088153	  0.004666	  0.902351	  0.004830	
  0.002459	  0.004278	  0.982637	  0.010626	
  0.003618	  0.002504	  0.985275	  0.008602	
  0.003325	  0.004017	  0.009244	  0.983414	
  0.002547	  0.972864	  0.005345	  0.019244	
  0.940260	  0.002927	  0.053632	  0.003181	
  0.222459	  0.390569	  0.251497	  0.135475	
  0.151824	  0.258444	  0.332866	  0.256865	
  0.175811	  0.290583	  0.232086	  0.301520	
  0.356690	  0.198973	  0.136050	  0.308287	

