MEME version 4

ALPHABET= ACGT

strands: + -

A 0.25000 C 0.25000 G 0.25000 T 0.25000 

MOTIF	Obox5_2284.1_uniprobe
letter-probability matrix: alength= 4 w= 17 nsites= 20 E= 0
  0.281264	  0.188968	  0.136609	  0.393160	
  0.344028	  0.038266	  0.328422	  0.289284	
  0.266627	  0.234290	  0.328022	  0.171062	
  0.393172	  0.142839	  0.379282	  0.084706	
  0.110940	  0.063210	  0.811347	  0.014502	
  0.089051	  0.002920	  0.905749	  0.002280	
  0.008411	  0.000554	  0.984833	  0.006202	
  0.987567	  0.004995	  0.000896	  0.006542	
  0.003972	  0.001261	  0.003058	  0.991709	
  0.007568	  0.004773	  0.000491	  0.987168	
  0.974587	  0.000828	  0.001598	  0.022987	
  0.799844	  0.004926	  0.020978	  0.174252	
  0.383707	  0.178162	  0.082155	  0.355976	
  0.074343	  0.081369	  0.030820	  0.813467	
  0.182973	  0.309007	  0.180900	  0.327119	
  0.274045	  0.191530	  0.121366	  0.413060	
  0.286677	  0.377630	  0.141803	  0.193890	

