MEME version 4

ALPHABET= ACGT

strands: + -

A 0.25000 C 0.25000 G 0.25000 T 0.25000 

MOTIF	Obox6_3440.2_uniprobe
letter-probability matrix: alength= 4 w= 15 nsites= 20 E= 0
  0.505449	  0.243908	  0.109355	  0.141288	
  0.297413	  0.206507	  0.201510	  0.294571	
  0.691300	  0.037294	  0.141216	  0.130190	
  0.680730	  0.092257	  0.036853	  0.190160	
  0.348071	  0.118125	  0.345388	  0.188416	
  0.140809	  0.605582	  0.189427	  0.064182	
  0.039008	  0.001848	  0.956724	  0.002420	
  0.003771	  0.000570	  0.983421	  0.012238	
  0.969153	  0.028918	  0.000574	  0.001355	
  0.003106	  0.002396	  0.001479	  0.993019	
  0.009026	  0.012438	  0.000393	  0.978144	
  0.969731	  0.000460	  0.002034	  0.027774	
  0.444629	  0.020696	  0.076200	  0.458475	
  0.254738	  0.341763	  0.053351	  0.350148	
  0.119131	  0.226982	  0.464626	  0.189261	

