MEME version 4

ALPHABET= ACGT

strands: + -

A 0.25000 C 0.25000 G 0.25000 T 0.25000 

MOTIF	Obox5_3963.2_uniprobe
letter-probability matrix: alength= 4 w= 17 nsites= 20 E= 0
  0.168079	  0.216046	  0.335645	  0.280230	
  0.497037	  0.090102	  0.139411	  0.273450	
  0.166166	  0.250088	  0.181407	  0.402339	
  0.784987	  0.032683	  0.099239	  0.083091	
  0.436055	  0.068291	  0.185797	  0.309857	
  0.204456	  0.017357	  0.009517	  0.768669	
  0.022129	  0.002297	  0.000902	  0.974671	
  0.987419	  0.001227	  0.004502	  0.006852	
  0.990710	  0.003899	  0.002866	  0.002525	
  0.007322	  0.001236	  0.007799	  0.983643	
  0.011511	  0.982671	  0.001871	  0.003947	
  0.002713	  0.874222	  0.005218	  0.117847	
  0.040603	  0.661179	  0.093469	  0.204749	
  0.075627	  0.224595	  0.107283	  0.592496	
  0.165269	  0.354328	  0.212742	  0.267661	
  0.197856	  0.333894	  0.034731	  0.433519	
  0.186604	  0.227497	  0.198638	  0.387261	

