MEME version 4

ALPHABET= ACGT

strands: + -

A 0.25000 C 0.25000 G 0.25000 T 0.25000 

MOTIF	Og2x_3719.1_uniprobe
letter-probability matrix: alength= 4 w= 17 nsites= 20 E= 0
  0.174171	  0.504501	  0.196117	  0.125211	
  0.128219	  0.175644	  0.540933	  0.155203	
  0.233647	  0.284872	  0.248986	  0.232496	
  0.311282	  0.225783	  0.359527	  0.103408	
  0.016893	  0.577590	  0.028682	  0.376835	
  0.016189	  0.331462	  0.001787	  0.650563	
  0.917887	  0.005921	  0.068383	  0.007810	
  0.959721	  0.002908	  0.006671	  0.030699	
  0.030699	  0.006671	  0.002908	  0.959721	
  0.007810	  0.068383	  0.005921	  0.917887	
  0.650563	  0.001787	  0.331462	  0.016189	
  0.376835	  0.028682	  0.577590	  0.016893	
  0.141811	  0.163292	  0.393792	  0.301105	
  0.295356	  0.194120	  0.163084	  0.347440	
  0.443721	  0.156430	  0.160598	  0.239252	
  0.228972	  0.294652	  0.166053	  0.310324	
  0.152483	  0.405996	  0.251527	  0.189994	

