MEME version 4

ALPHABET= ACGT

strands: + -

A 0.25000 C 0.25000 G 0.25000 T 0.25000 

MOTIF	Osr1_secondary_uniprobe
letter-probability matrix: alength= 4 w= 16 nsites= 20 E= 0
  0.454194	  0.092676	  0.306326	  0.146803	
  0.183011	  0.349823	  0.148031	  0.319135	
  0.402809	  0.216433	  0.154083	  0.226674	
  0.211745	  0.252049	  0.161182	  0.375024	
  0.136345	  0.083690	  0.743914	  0.036052	
  0.026957	  0.909549	  0.024545	  0.038949	
  0.029080	  0.082100	  0.032574	  0.856247	
  0.787454	  0.048202	  0.052486	  0.111858	
  0.073461	  0.881278	  0.022313	  0.022948	
  0.026791	  0.545542	  0.010815	  0.416852	
  0.322008	  0.101565	  0.026489	  0.549938	
  0.458267	  0.105781	  0.425231	  0.010720	
  0.432794	  0.314870	  0.090685	  0.161651	
  0.260978	  0.176097	  0.204310	  0.358614	
  0.282877	  0.259359	  0.208881	  0.248883	
  0.274197	  0.291831	  0.231013	  0.202959	

