MEME version 4

ALPHABET= ACGT

strands: + -

A 0.25000 C 0.25000 G 0.25000 T 0.25000 

MOTIF	Osr1_primary_uniprobe
letter-probability matrix: alength= 4 w= 16 nsites= 20 E= 0
  0.260366	  0.252887	  0.224273	  0.262474	
  0.239931	  0.233883	  0.190643	  0.335543	
  0.257637	  0.188706	  0.242480	  0.311177	
  0.323833	  0.165978	  0.161144	  0.349046	
  0.824983	  0.119267	  0.027014	  0.028736	
  0.009055	  0.974108	  0.000889	  0.015947	
  0.659219	  0.001516	  0.337361	  0.001905	
  0.002965	  0.001643	  0.993070	  0.002321	
  0.047380	  0.001758	  0.009593	  0.941269	
  0.974073	  0.000741	  0.023187	  0.001999	
  0.006256	  0.001341	  0.990114	  0.002290	
  0.001372	  0.921382	  0.010719	  0.066527	
  0.449788	  0.160658	  0.105504	  0.284050	
  0.392727	  0.304490	  0.187448	  0.115335	
  0.361758	  0.209213	  0.175805	  0.253224	
  0.420972	  0.108912	  0.289406	  0.180710	

