MEME version 4

ALPHABET= ACGT

strands: + -

A 0.25000 C 0.25000 G 0.25000 T 0.25000 

MOTIF	Otx1_2325.1_uniprobe
letter-probability matrix: alength= 4 w= 17 nsites= 20 E= 0
  0.300610	  0.149999	  0.303810	  0.245581	
  0.194444	  0.095366	  0.487289	  0.222901	
  0.366838	  0.110418	  0.162922	  0.359822	
  0.426793	  0.049280	  0.474292	  0.049636	
  0.176031	  0.195172	  0.608443	  0.020354	
  0.077179	  0.003862	  0.916244	  0.002715	
  0.006954	  0.001526	  0.985903	  0.005616	
  0.953016	  0.043074	  0.000504	  0.003406	
  0.001743	  0.004547	  0.001783	  0.991927	
  0.012882	  0.003454	  0.000402	  0.983262	
  0.939084	  0.000404	  0.001874	  0.058638	
  0.687439	  0.025328	  0.143515	  0.143718	
  0.117461	  0.128987	  0.097084	  0.656468	
  0.291905	  0.125407	  0.094129	  0.488559	
  0.241296	  0.237850	  0.201291	  0.319563	
  0.317041	  0.222787	  0.160309	  0.299862	
  0.187481	  0.261819	  0.240698	  0.310001	

