MEME version 4

ALPHABET= ACGT

strands: + -

A 0.25000 C 0.25000 G 0.25000 T 0.25000 

MOTIF	Pax4_3989.2_uniprobe
letter-probability matrix: alength= 4 w= 17 nsites= 20 E= 0
  0.418022	  0.079008	  0.069207	  0.433763	
  0.227146	  0.305729	  0.334351	  0.132774	
  0.403563	  0.184272	  0.244083	  0.168082	
  0.369663	  0.142527	  0.191981	  0.295828	
  0.017813	  0.596801	  0.016691	  0.368695	
  0.030042	  0.009279	  0.044474	  0.916205	
  0.982868	  0.002754	  0.008192	  0.006185	
  0.986424	  0.003358	  0.006127	  0.004090	
  0.004090	  0.006127	  0.003358	  0.986424	
  0.006185	  0.008192	  0.002754	  0.982868	
  0.916205	  0.044474	  0.009279	  0.030042	
  0.368695	  0.016691	  0.596801	  0.017813	
  0.114118	  0.515974	  0.077464	  0.292444	
  0.138586	  0.368674	  0.232821	  0.259920	
  0.177848	  0.439823	  0.318020	  0.064310	
  0.344798	  0.096757	  0.305287	  0.253158	
  0.284211	  0.345130	  0.175933	  0.194726	

