MEME version 4

ALPHABET= ACGT

strands: + -

A 0.25000 C 0.25000 G 0.25000 T 0.25000 

MOTIF	Pitx3_3497.2_uniprobe
letter-probability matrix: alength= 4 w= 16 nsites= 20 E= 0
  0.376317	  0.228810	  0.324927	  0.069946	
  0.194464	  0.131695	  0.538949	  0.134892	
  0.066391	  0.226063	  0.645457	  0.062089	
  0.174103	  0.030838	  0.758315	  0.036743	
  0.018838	  0.001515	  0.979039	  0.000608	
  0.002099	  0.002488	  0.992192	  0.003220	
  0.958051	  0.040431	  0.000340	  0.001178	
  0.002126	  0.007833	  0.000559	  0.989482	
  0.009085	  0.005231	  0.000358	  0.985326	
  0.975248	  0.000371	  0.001696	  0.022685	
  0.177679	  0.041353	  0.541741	  0.239227	
  0.054770	  0.772535	  0.116688	  0.056007	
  0.157041	  0.155159	  0.224874	  0.462926	
  0.343501	  0.137361	  0.357922	  0.161216	
  0.153495	  0.344871	  0.332684	  0.168951	
  0.125949	  0.548089	  0.196494	  0.129468	

