MEME version 4

ALPHABET= ACGT

strands: + -

A 0.25000 C 0.25000 G 0.25000 T 0.25000 

MOTIF	Pitx1_2312.1_uniprobe
letter-probability matrix: alength= 4 w= 17 nsites= 20 E= 0
  0.207371	  0.246323	  0.166934	  0.379372	
  0.115831	  0.171040	  0.352289	  0.360841	
  0.435857	  0.190325	  0.290547	  0.083272	
  0.281154	  0.147141	  0.422767	  0.148938	
  0.453996	  0.050465	  0.389240	  0.106298	
  0.187631	  0.043211	  0.734974	  0.034185	
  0.042788	  0.001867	  0.954016	  0.001329	
  0.006032	  0.001055	  0.986493	  0.006420	
  0.955163	  0.042114	  0.000355	  0.002368	
  0.003755	  0.004760	  0.000754	  0.990731	
  0.005515	  0.009073	  0.000267	  0.985144	
  0.913280	  0.000712	  0.001035	  0.084973	
  0.721584	  0.024188	  0.198396	  0.055833	
  0.334868	  0.490003	  0.058252	  0.116877	
  0.457303	  0.071620	  0.241947	  0.229130	
  0.478355	  0.207860	  0.143752	  0.170032	
  0.256961	  0.248882	  0.203598	  0.290559	

