MEME version 4

ALPHABET= ACGT

strands: + -

A 0.25000 C 0.25000 G 0.25000 T 0.25000 

MOTIF	Plagl1_secondary_uniprobe
letter-probability matrix: alength= 4 w= 17 nsites= 20 E= 0
  0.289171	  0.173201	  0.327701	  0.209927	
  0.214498	  0.351146	  0.216580	  0.217776	
  0.195842	  0.158571	  0.147255	  0.498332	
  0.193177	  0.050535	  0.597112	  0.159176	
  0.090067	  0.011082	  0.813242	  0.085609	
  0.009711	  0.005858	  0.976345	  0.008085	
  0.028320	  0.003003	  0.964413	  0.004264	
  0.004384	  0.005577	  0.976902	  0.013137	
  0.005407	  0.010480	  0.969224	  0.014889	
  0.013126	  0.014728	  0.008018	  0.964128	
  0.878962	  0.009528	  0.080106	  0.031404	
  0.050698	  0.888663	  0.014145	  0.046494	
  0.220252	  0.630703	  0.057244	  0.091801	
  0.229911	  0.340631	  0.212450	  0.217008	
  0.241118	  0.325264	  0.145213	  0.288405	
  0.200246	  0.235974	  0.190380	  0.373401	
  0.271001	  0.126532	  0.246343	  0.356123	

