MEME version 4

ALPHABET= ACGT

strands: + -

A 0.25000 C 0.25000 G 0.25000 T 0.25000 

MOTIF	Pou1f1_3818.1_uniprobe
letter-probability matrix: alength= 4 w= 17 nsites= 20 E= 0
  0.295263	  0.137800	  0.328645	  0.238292	
  0.387209	  0.237690	  0.259236	  0.115864	
  0.268499	  0.186022	  0.204498	  0.340981	
  0.090539	  0.048765	  0.208432	  0.652264	
  0.800740	  0.097775	  0.022556	  0.078929	
  0.887622	  0.039701	  0.022023	  0.050654	
  0.055749	  0.014475	  0.010097	  0.919679	
  0.033219	  0.015438	  0.020921	  0.930422	
  0.930422	  0.020921	  0.015438	  0.033219	
  0.919679	  0.010097	  0.014475	  0.055749	
  0.050654	  0.022023	  0.039701	  0.887622	
  0.078929	  0.022556	  0.097775	  0.800740	
  0.791767	  0.093557	  0.016568	  0.098108	
  0.434075	  0.114564	  0.205969	  0.245392	
  0.241512	  0.188802	  0.333256	  0.236431	
  0.223047	  0.136482	  0.196481	  0.443990	
  0.153804	  0.483207	  0.182120	  0.180869	

