MEME version 4

ALPHABET= ACGT

strands: + -

A 0.25000 C 0.25000 G 0.25000 T 0.25000 

MOTIF	Pou2f3_3986.2_uniprobe
letter-probability matrix: alength= 4 w= 16 nsites= 20 E= 0
  0.163923	  0.199410	  0.196283	  0.440385	
  0.244854	  0.217834	  0.151102	  0.386210	
  0.185934	  0.134662	  0.398787	  0.280618	
  0.090352	  0.119462	  0.037157	  0.753030	
  0.990346	  0.001754	  0.001818	  0.006083	
  0.002450	  0.011715	  0.002154	  0.983680	
  0.002638	  0.001114	  0.938678	  0.057569	
  0.002016	  0.911319	  0.003818	  0.082847	
  0.740177	  0.001090	  0.002005	  0.256728	
  0.905415	  0.001757	  0.014660	  0.078168	
  0.987356	  0.003190	  0.001846	  0.007608	
  0.016362	  0.004807	  0.016312	  0.962520	
  0.153576	  0.155400	  0.290074	  0.400950	
  0.455331	  0.242511	  0.111337	  0.190822	
  0.293425	  0.163528	  0.350203	  0.192844	
  0.411723	  0.243796	  0.182398	  0.162083	

