MEME version 4

ALPHABET= ACGT

strands: + -

A 0.25000 C 0.25000 G 0.25000 T 0.25000 

MOTIF	Pou3f2_2824.1_uniprobe
letter-probability matrix: alength= 4 w= 17 nsites= 20 E= 0
  0.153980	  0.256313	  0.453304	  0.136403	
  0.293307	  0.185897	  0.233506	  0.287290	
  0.231217	  0.106311	  0.217581	  0.444891	
  0.694066	  0.066485	  0.110573	  0.128876	
  0.617717	  0.144842	  0.099112	  0.138329	
  0.070264	  0.240528	  0.004998	  0.684210	
  0.014444	  0.030268	  0.005503	  0.949784	
  0.972612	  0.013685	  0.004717	  0.008987	
  0.980758	  0.002352	  0.003968	  0.012922	
  0.013839	  0.002478	  0.003880	  0.979802	
  0.010216	  0.005118	  0.047808	  0.936857	
  0.955106	  0.017358	  0.006582	  0.020954	
  0.358783	  0.018538	  0.532778	  0.089901	
  0.089493	  0.164493	  0.267539	  0.478475	
  0.247125	  0.136760	  0.281060	  0.335056	
  0.242054	  0.255243	  0.206580	  0.296122	
  0.284093	  0.145319	  0.355081	  0.215506	

