MEME version 4

ALPHABET= ACGT

strands: + -

A 0.25000 C 0.25000 G 0.25000 T 0.25000 

MOTIF	Pou3f4_3773.1_uniprobe
letter-probability matrix: alength= 4 w= 17 nsites= 20 E= 0
  0.333256	  0.132424	  0.289920	  0.244400	
  0.331200	  0.265280	  0.244521	  0.158999	
  0.206284	  0.201415	  0.180436	  0.411864	
  0.121526	  0.066278	  0.220348	  0.591848	
  0.836640	  0.078351	  0.021503	  0.063506	
  0.916787	  0.033485	  0.017390	  0.032338	
  0.064856	  0.009246	  0.006903	  0.918996	
  0.027148	  0.008390	  0.016874	  0.947588	
  0.947588	  0.016874	  0.008390	  0.027148	
  0.918996	  0.006903	  0.009246	  0.064856	
  0.032338	  0.017390	  0.033485	  0.916787	
  0.063506	  0.021503	  0.078351	  0.836640	
  0.822585	  0.074316	  0.009738	  0.093361	
  0.480273	  0.158803	  0.195041	  0.165883	
  0.248880	  0.178794	  0.261624	  0.310702	
  0.212936	  0.127454	  0.166193	  0.493416	
  0.157615	  0.478760	  0.161072	  0.202554	

