MEME version 4

ALPHABET= ACGT

strands: + -

A 0.25000 C 0.25000 G 0.25000 T 0.25000 

MOTIF	Pou4f3_2791.1_uniprobe
letter-probability matrix: alength= 4 w= 16 nsites= 20 E= 0
  0.383079	  0.200564	  0.157774	  0.258582	
  0.286661	  0.232328	  0.346094	  0.134917	
  0.183287	  0.074980	  0.188685	  0.553047	
  0.245056	  0.223547	  0.014679	  0.516718	
  0.928782	  0.007660	  0.014149	  0.049409	
  0.008881	  0.020425	  0.001142	  0.969552	
  0.020532	  0.000614	  0.002803	  0.976051	
  0.968278	  0.003691	  0.001780	  0.026252	
  0.986910	  0.001908	  0.004534	  0.006648	
  0.006532	  0.009241	  0.001632	  0.982594	
  0.062388	  0.006200	  0.562032	  0.369379	
  0.937585	  0.034112	  0.009775	  0.018527	
  0.305324	  0.123407	  0.348899	  0.222371	
  0.075111	  0.110371	  0.496285	  0.318233	
  0.221869	  0.271240	  0.060549	  0.446342	
  0.190858	  0.546784	  0.055998	  0.206361	

