MEME version 4

ALPHABET= ACGT

strands: + -

A 0.25000 C 0.25000 G 0.25000 T 0.25000 

MOTIF	Pou6f1_3733.1_uniprobe
letter-probability matrix: alength= 4 w= 17 nsites= 20 E= 0
  0.380020	  0.211224	  0.295981	  0.112776	
  0.349734	  0.309602	  0.075135	  0.265530	
  0.356459	  0.226592	  0.169646	  0.247302	
  0.229673	  0.350174	  0.311906	  0.108247	
  0.757838	  0.046686	  0.016036	  0.179440	
  0.014478	  0.002669	  0.000464	  0.982389	
  0.984156	  0.000563	  0.002241	  0.013039	
  0.992195	  0.001470	  0.001823	  0.004511	
  0.001610	  0.002156	  0.003120	  0.993114	
  0.008328	  0.001327	  0.802239	  0.188106	
  0.990155	  0.004149	  0.002815	  0.002881	
  0.004992	  0.004117	  0.965215	  0.025676	
  0.091361	  0.290495	  0.533319	  0.084826	
  0.164763	  0.143217	  0.028702	  0.663317	
  0.164550	  0.118473	  0.276288	  0.440689	
  0.152985	  0.151847	  0.413228	  0.281941	
  0.241185	  0.447249	  0.135344	  0.176222	

