MEME version 4

ALPHABET= ACGT

strands: + -

A 0.25000 C 0.25000 G 0.25000 T 0.25000 

MOTIF	Prop1_3949.1_uniprobe
letter-probability matrix: alength= 4 w= 17 nsites= 20 E= 0
  0.239694	  0.382964	  0.212782	  0.164560	
  0.211105	  0.192638	  0.471186	  0.125071	
  0.361402	  0.251084	  0.217415	  0.170099	
  0.474402	  0.180412	  0.249562	  0.095624	
  0.015257	  0.155181	  0.007371	  0.822191	
  0.011633	  0.033757	  0.000947	  0.953662	
  0.984150	  0.005351	  0.005253	  0.005247	
  0.982857	  0.001638	  0.005309	  0.010196	
  0.010196	  0.005309	  0.001638	  0.982857	
  0.005247	  0.005253	  0.005351	  0.984150	
  0.953662	  0.000947	  0.033757	  0.011633	
  0.822191	  0.007371	  0.155181	  0.015257	
  0.159439	  0.160044	  0.349613	  0.330903	
  0.454571	  0.111567	  0.175216	  0.258646	
  0.305750	  0.183822	  0.246269	  0.264159	
  0.351726	  0.178703	  0.236408	  0.233163	
  0.142463	  0.525857	  0.103778	  0.227902	

