MEME version 4

ALPHABET= ACGT

strands: + -

A 0.25000 C 0.25000 G 0.25000 T 0.25000 

MOTIF	Prrx2_3072.1_uniprobe
letter-probability matrix: alength= 4 w= 17 nsites= 20 E= 0
  0.577686	  0.042459	  0.124219	  0.255636	
  0.324126	  0.261479	  0.246042	  0.168353	
  0.407054	  0.283628	  0.110890	  0.198428	
  0.276434	  0.087523	  0.555195	  0.080849	
  0.024204	  0.699069	  0.012673	  0.264055	
  0.003869	  0.118299	  0.000746	  0.877086	
  0.987417	  0.004615	  0.005301	  0.002668	
  0.985222	  0.001872	  0.007585	  0.005321	
  0.005321	  0.007585	  0.001872	  0.985222	
  0.002668	  0.005301	  0.004615	  0.987417	
  0.877086	  0.000746	  0.118299	  0.003869	
  0.264055	  0.012673	  0.699069	  0.024204	
  0.026875	  0.542803	  0.035189	  0.395132	
  0.181326	  0.172452	  0.411693	  0.234529	
  0.441167	  0.147383	  0.255789	  0.155661	
  0.423686	  0.147908	  0.175008	  0.253399	
  0.296960	  0.202032	  0.264113	  0.236895	

