MEME version 4

ALPHABET= ACGT

strands: + -

A 0.25000 C 0.25000 G 0.25000 T 0.25000 

MOTIF	Rara_primary_uniprobe
letter-probability matrix: alength= 4 w= 16 nsites= 20 E= 0
  0.222478	  0.177331	  0.266395	  0.333797	
  0.276222	  0.360097	  0.118354	  0.245327	
  0.106047	  0.268455	  0.234217	  0.391281	
  0.244163	  0.407141	  0.146864	  0.201832	
  0.852083	  0.050643	  0.039941	  0.057332	
  0.814108	  0.012894	  0.165984	  0.007015	
  0.905198	  0.005648	  0.088378	  0.000776	
  0.002783	  0.000555	  0.988205	  0.008457	
  0.001289	  0.000626	  0.898209	  0.099877	
  0.002878	  0.001631	  0.008910	  0.986582	
  0.000499	  0.975550	  0.005264	  0.018687	
  0.963627	  0.000883	  0.034432	  0.001058	
  0.181490	  0.517766	  0.077094	  0.223650	
  0.183789	  0.384790	  0.308350	  0.123071	
  0.229801	  0.228801	  0.224468	  0.316930	
  0.218244	  0.170273	  0.366746	  0.244736	

