MEME version 4

ALPHABET= ACGT

strands: + -

A 0.25000 C 0.25000 G 0.25000 T 0.25000 

MOTIF	Rax_3443.1_uniprobe
letter-probability matrix: alength= 4 w= 17 nsites= 20 E= 0
  0.409767	  0.055835	  0.092585	  0.441813	
  0.157416	  0.276324	  0.512520	  0.053741	
  0.153837	  0.527255	  0.156259	  0.162648	
  0.465349	  0.179979	  0.205339	  0.149333	
  0.024333	  0.530504	  0.028145	  0.417018	
  0.005220	  0.249209	  0.002095	  0.743475	
  0.984812	  0.005640	  0.005553	  0.003995	
  0.982026	  0.001669	  0.013169	  0.003137	
  0.003137	  0.013169	  0.001669	  0.982026	
  0.003995	  0.005553	  0.005640	  0.984812	
  0.743475	  0.002095	  0.249209	  0.005220	
  0.417018	  0.028145	  0.530504	  0.024333	
  0.055919	  0.554150	  0.056810	  0.333121	
  0.074564	  0.285023	  0.413067	  0.227346	
  0.170985	  0.429522	  0.354549	  0.044944	
  0.357208	  0.343725	  0.228441	  0.070625	
  0.213995	  0.322369	  0.162773	  0.300862	

