MEME version 4

ALPHABET= ACGT

strands: + -

A 0.25000 C 0.25000 G 0.25000 T 0.25000 

MOTIF	Rfx3_primary_uniprobe
letter-probability matrix: alength= 4 w= 23 nsites= 20 E= 0
  0.218345	  0.231533	  0.152528	  0.397594	
  0.264604	  0.126115	  0.320860	  0.288421	
  0.117304	  0.186844	  0.172946	  0.522906	
  0.111929	  0.277908	  0.409084	  0.201079	
  0.343319	  0.311376	  0.123612	  0.221692	
  0.193354	  0.374280	  0.157338	  0.275028	
  0.166348	  0.578991	  0.130872	  0.123789	
  0.006937	  0.931183	  0.046809	  0.015072	
  0.255581	  0.289587	  0.125513	  0.329319	
  0.002582	  0.012615	  0.002782	  0.982021	
  0.850584	  0.007973	  0.140639	  0.000803	
  0.037792	  0.002285	  0.957277	  0.002646	
  0.009414	  0.921481	  0.001636	  0.067469	
  0.943403	  0.000980	  0.042401	  0.013216	
  0.991166	  0.002931	  0.003540	  0.002364	
  0.003651	  0.987110	  0.001106	  0.008133	
  0.208873	  0.369705	  0.319129	  0.102292	
  0.322535	  0.186617	  0.374187	  0.116660	
  0.326738	  0.179486	  0.226374	  0.267402	
  0.299697	  0.185329	  0.133025	  0.381949	
  0.300824	  0.266836	  0.096437	  0.335904	
  0.418443	  0.191068	  0.127183	  0.263306	
  0.386727	  0.204062	  0.126050	  0.283161	

