MEME version 4

ALPHABET= ACGT

strands: + -

A 0.25000 C 0.25000 G 0.25000 T 0.25000 

MOTIF	Rfxdc2_secondary_uniprobe
letter-probability matrix: alength= 4 w= 17 nsites= 20 E= 0
  0.120124	  0.369052	  0.280026	  0.230798	
  0.153013	  0.175278	  0.321983	  0.349726	
  0.426573	  0.206846	  0.272112	  0.094469	
  0.067213	  0.665712	  0.165815	  0.101259	
  0.213424	  0.152912	  0.229260	  0.404404	
  0.042427	  0.193675	  0.034144	  0.729754	
  0.359927	  0.038767	  0.588911	  0.012395	
  0.015079	  0.017884	  0.948607	  0.018430	
  0.699438	  0.007004	  0.014579	  0.278979	
  0.017282	  0.022228	  0.369181	  0.591308	
  0.948823	  0.011471	  0.018805	  0.020901	
  0.016175	  0.947649	  0.007710	  0.028466	
  0.114584	  0.334989	  0.511562	  0.038865	
  0.219114	  0.247229	  0.396478	  0.137179	
  0.308087	  0.178171	  0.248356	  0.265386	
  0.479300	  0.125168	  0.134837	  0.260696	
  0.323493	  0.230502	  0.108189	  0.337815	

