MEME version 4

ALPHABET= ACGT

strands: + -

A 0.25000 C 0.25000 G 0.25000 T 0.25000 

MOTIF	Rhox6_4251.1_uniprobe
letter-probability matrix: alength= 4 w= 17 nsites= 20 E= 0
  0.360624	  0.052745	  0.050511	  0.536120	
  0.313286	  0.209809	  0.395358	  0.081547	
  0.236253	  0.426218	  0.145895	  0.191635	
  0.277450	  0.393062	  0.182036	  0.147452	
  0.080392	  0.361677	  0.039443	  0.518488	
  0.030736	  0.025359	  0.014986	  0.928919	
  0.861156	  0.054995	  0.013538	  0.070311	
  0.934728	  0.027904	  0.034233	  0.003136	
  0.003136	  0.034233	  0.027904	  0.934728	
  0.070311	  0.013538	  0.054995	  0.861156	
  0.928919	  0.014986	  0.025359	  0.030736	
  0.518488	  0.039443	  0.361677	  0.080392	
  0.065979	  0.224320	  0.121030	  0.588671	
  0.078630	  0.234912	  0.420487	  0.265971	
  0.103547	  0.400488	  0.392739	  0.103225	
  0.252475	  0.235031	  0.240995	  0.271499	
  0.214482	  0.344839	  0.137535	  0.303144	

