MEME version 4

ALPHABET= ACGT

strands: + -

A 0.25000 C 0.25000 G 0.25000 T 0.25000 

MOTIF	Rhox11_1765.2_uniprobe
letter-probability matrix: alength= 4 w= 17 nsites= 20 E= 0
  0.538735	  0.129821	  0.147336	  0.184107	
  0.331267	  0.275123	  0.227609	  0.166001	
  0.174654	  0.113319	  0.383610	  0.328417	
  0.296734	  0.281670	  0.230068	  0.191527	
  0.128222	  0.561296	  0.062928	  0.247554	
  0.027028	  0.014676	  0.949335	  0.008962	
  0.087209	  0.761581	  0.147964	  0.003246	
  0.006796	  0.000741	  0.006037	  0.986427	
  0.039496	  0.000533	  0.943453	  0.016517	
  0.005541	  0.005164	  0.002805	  0.986489	
  0.561957	  0.002761	  0.004207	  0.431075	
  0.780197	  0.037155	  0.031222	  0.151425	
  0.518642	  0.104220	  0.012670	  0.364468	
  0.314451	  0.111366	  0.333508	  0.240676	
  0.236936	  0.357992	  0.280813	  0.124259	
  0.314846	  0.163774	  0.426195	  0.095185	
  0.408340	  0.134111	  0.102987	  0.354562	

