MEME version 4

ALPHABET= ACGT

strands: + -

A 0.25000 C 0.25000 G 0.25000 T 0.25000 

MOTIF	Rhox11_2205.1_uniprobe
letter-probability matrix: alength= 4 w= 17 nsites= 20 E= 0
  0.504898	  0.140204	  0.135418	  0.219480	
  0.282348	  0.244881	  0.300572	  0.172199	
  0.183939	  0.100670	  0.384783	  0.330608	
  0.326709	  0.269523	  0.194043	  0.209724	
  0.142989	  0.557393	  0.066826	  0.232792	
  0.038356	  0.014052	  0.932450	  0.015142	
  0.092102	  0.778844	  0.125082	  0.003972	
  0.010254	  0.001252	  0.005231	  0.983263	
  0.033486	  0.000891	  0.947486	  0.018137	
  0.005360	  0.007407	  0.003729	  0.983504	
  0.603485	  0.007179	  0.003482	  0.385853	
  0.798026	  0.029788	  0.032370	  0.139816	
  0.529622	  0.100632	  0.016507	  0.353238	
  0.243581	  0.126094	  0.401402	  0.228923	
  0.207484	  0.285456	  0.353715	  0.153346	
  0.282413	  0.188410	  0.441463	  0.087715	
  0.422774	  0.152965	  0.094106	  0.330155	

