MEME version 4

ALPHABET= ACGT

strands: + -

A 0.25000 C 0.25000 G 0.25000 T 0.25000 

MOTIF	Rxra_secondary_uniprobe
letter-probability matrix: alength= 4 w= 16 nsites= 20 E= 0
  0.133674	  0.104722	  0.363656	  0.397949	
  0.218841	  0.519200	  0.185427	  0.076533	
  0.311165	  0.163749	  0.384672	  0.140414	
  0.199200	  0.508034	  0.137739	  0.155027	
  0.395481	  0.062193	  0.494919	  0.047407	
  0.468211	  0.061426	  0.008623	  0.461741	
  0.767827	  0.057619	  0.010532	  0.164021	
  0.148075	  0.038250	  0.756949	  0.056727	
  0.053407	  0.064484	  0.526799	  0.355309	
  0.068046	  0.098127	  0.190531	  0.643296	
  0.095789	  0.319999	  0.144123	  0.440088	
  0.404235	  0.072415	  0.470870	  0.052481	
  0.211427	  0.236889	  0.214879	  0.336805	
  0.347988	  0.155744	  0.210009	  0.286259	
  0.283003	  0.356931	  0.160908	  0.199158	
  0.223167	  0.181232	  0.286859	  0.308743	

