MEME version 4

ALPHABET= ACGT

strands: + -

A 0.25000 C 0.25000 G 0.25000 T 0.25000 

MOTIF	Sfpi1_primary_uniprobe
letter-probability matrix: alength= 4 w= 14 nsites= 20 E= 0
  0.211586	  0.273653	  0.234763	  0.279998	
  0.298032	  0.104818	  0.290385	  0.306764	
  0.593467	  0.048056	  0.154602	  0.203875	
  0.459746	  0.052697	  0.169949	  0.317608	
  0.188623	  0.155357	  0.591543	  0.064477	
  0.402746	  0.286227	  0.290285	  0.020742	
  0.048569	  0.001240	  0.946397	  0.003793	
  0.004354	  0.001387	  0.990819	  0.003441	
  0.974272	  0.001416	  0.001466	  0.022847	
  0.938748	  0.003090	  0.000833	  0.057329	
  0.045831	  0.270321	  0.674644	  0.009204	
  0.055664	  0.092552	  0.026061	  0.825722	
  0.301235	  0.122653	  0.267039	  0.309073	
  0.278680	  0.276099	  0.219159	  0.226061	

