MEME version 4

ALPHABET= ACGT

strands: + -

A 0.25000 C 0.25000 G 0.25000 T 0.25000 

MOTIF	Shox2_2641.2_uniprobe
letter-probability matrix: alength= 4 w= 17 nsites= 20 E= 0
  0.201913	  0.423734	  0.231410	  0.142943	
  0.193674	  0.158201	  0.329220	  0.318905	
  0.320460	  0.347864	  0.161415	  0.170261	
  0.246887	  0.268244	  0.287863	  0.197006	
  0.024996	  0.419602	  0.015091	  0.540311	
  0.016684	  0.063724	  0.000781	  0.918812	
  0.974679	  0.006846	  0.015023	  0.003453	
  0.977668	  0.001961	  0.005699	  0.014672	
  0.014672	  0.005699	  0.001961	  0.977668	
  0.003453	  0.015023	  0.006846	  0.974679	
  0.918812	  0.000781	  0.063724	  0.016684	
  0.540311	  0.015091	  0.419602	  0.024996	
  0.195976	  0.146709	  0.248943	  0.408371	
  0.122598	  0.261504	  0.196590	  0.419309	
  0.308380	  0.212410	  0.360122	  0.119088	
  0.246262	  0.174325	  0.272213	  0.307200	
  0.122513	  0.314857	  0.330178	  0.232452	

