MEME version 4

ALPHABET= ACGT

strands: + -

A 0.25000 C 0.25000 G 0.25000 T 0.25000 

MOTIF	Six2_2307.2_uniprobe
letter-probability matrix: alength= 4 w= 17 nsites= 20 E= 0
  0.452545	  0.099192	  0.290852	  0.157411	
  0.587199	  0.117373	  0.086707	  0.208721	
  0.191837	  0.044362	  0.256539	  0.507262	
  0.299111	  0.107464	  0.518651	  0.074774	
  0.118226	  0.040974	  0.797168	  0.043631	
  0.010113	  0.030311	  0.923661	  0.035916	
  0.126925	  0.002828	  0.869144	  0.001103	
  0.001338	  0.000719	  0.046297	  0.951646	
  0.958864	  0.001525	  0.038365	  0.001246	
  0.003353	  0.001741	  0.001927	  0.992979	
  0.007665	  0.981087	  0.001717	  0.009531	
  0.903866	  0.022768	  0.054074	  0.019292	
  0.165996	  0.505327	  0.077238	  0.251439	
  0.252666	  0.168847	  0.288545	  0.289942	
  0.336830	  0.080857	  0.058862	  0.523451	
  0.234102	  0.268721	  0.215252	  0.281925	
  0.172036	  0.083695	  0.223889	  0.520379	

