MEME version 4

ALPHABET= ACGT

strands: + -

A 0.25000 C 0.25000 G 0.25000 T 0.25000 

MOTIF	Six6_2267.5_uniprobe
letter-probability matrix: alength= 4 w= 17 nsites= 20 E= 0
  0.357565	  0.095438	  0.345110	  0.201887	
  0.415206	  0.108701	  0.160030	  0.316063	
  0.276710	  0.105226	  0.183597	  0.434468	
  0.461481	  0.135300	  0.303126	  0.100093	
  0.190186	  0.035578	  0.728290	  0.045946	
  0.040893	  0.024794	  0.889495	  0.044817	
  0.197092	  0.018297	  0.781124	  0.003487	
  0.005212	  0.002190	  0.027421	  0.965178	
  0.970183	  0.002451	  0.021340	  0.006025	
  0.004645	  0.002381	  0.003788	  0.989186	
  0.017413	  0.955357	  0.007268	  0.019962	
  0.927889	  0.018513	  0.013421	  0.040177	
  0.411060	  0.139133	  0.096462	  0.353345	
  0.215585	  0.237932	  0.205422	  0.341060	
  0.409189	  0.134754	  0.084179	  0.371879	
  0.210772	  0.273586	  0.108006	  0.407635	
  0.091781	  0.159161	  0.216288	  0.532770	

