MEME version 4

ALPHABET= ACGT

strands: + -

A 0.25000 C 0.25000 G 0.25000 T 0.25000 

MOTIF	Six6_2267.4_uniprobe
letter-probability matrix: alength= 4 w= 17 nsites= 20 E= 0
  0.330559	  0.118371	  0.278738	  0.272331	
  0.605486	  0.104492	  0.066247	  0.223775	
  0.180170	  0.051522	  0.131669	  0.636639	
  0.431457	  0.173748	  0.323416	  0.071378	
  0.131729	  0.037944	  0.812991	  0.017337	
  0.022726	  0.033975	  0.914981	  0.028317	
  0.138556	  0.012597	  0.847660	  0.001188	
  0.001916	  0.001156	  0.046653	  0.950276	
  0.965626	  0.001518	  0.031319	  0.001536	
  0.003782	  0.001412	  0.002175	  0.992631	
  0.006601	  0.979412	  0.002328	  0.011660	
  0.947233	  0.007670	  0.017734	  0.027363	
  0.374066	  0.305253	  0.063914	  0.256767	
  0.267070	  0.210201	  0.216997	  0.305732	
  0.294988	  0.127424	  0.094154	  0.483434	
  0.354130	  0.195592	  0.176636	  0.273642	
  0.094874	  0.110275	  0.192261	  0.602591	

