MEME version 4

ALPHABET= ACGT

strands: + -

A 0.25000 C 0.25000 G 0.25000 T 0.25000 

MOTIF	Smad3_primary_uniprobe
letter-probability matrix: alength= 4 w= 17 nsites= 20 E= 0
  0.282316	  0.413385	  0.114930	  0.189369	
  0.341654	  0.135011	  0.267943	  0.255392	
  0.399523	  0.173081	  0.168845	  0.258551	
  0.365086	  0.196360	  0.211856	  0.226699	
  0.243321	  0.177839	  0.224206	  0.354635	
  0.029873	  0.808479	  0.036309	  0.125339	
  0.004945	  0.815465	  0.040635	  0.138955	
  0.934557	  0.058944	  0.005027	  0.001471	
  0.005099	  0.003998	  0.986148	  0.004755	
  0.969304	  0.020594	  0.001929	  0.008173	
  0.008189	  0.984816	  0.004199	  0.002795	
  0.669579	  0.012182	  0.282153	  0.036085	
  0.130511	  0.171241	  0.334041	  0.364207	
  0.198982	  0.289660	  0.252392	  0.258966	
  0.423172	  0.190978	  0.164411	  0.221440	
  0.213519	  0.287388	  0.294414	  0.204679	
  0.371956	  0.285061	  0.150191	  0.192792	

