MEME version 4

ALPHABET= ACGT

strands: + -

A 0.25000 C 0.25000 G 0.25000 T 0.25000 

MOTIF	Sox11_primary_uniprobe
letter-probability matrix: alength= 4 w= 17 nsites= 20 E= 0
  0.351812	  0.238467	  0.143954	  0.265768	
  0.195246	  0.235838	  0.281473	  0.287443	
  0.349478	  0.172616	  0.210739	  0.267167	
  0.484061	  0.110438	  0.173131	  0.232370	
  0.276692	  0.070713	  0.479604	  0.172991	
  0.859124	  0.044167	  0.083951	  0.012758	
  0.975608	  0.002029	  0.002285	  0.020079	
  0.006422	  0.978485	  0.007124	  0.007969	
  0.987489	  0.003025	  0.002868	  0.006617	
  0.987739	  0.005463	  0.002730	  0.004067	
  0.693013	  0.004067	  0.002445	  0.300475	
  0.189100	  0.003677	  0.801408	  0.005814	
  0.352090	  0.072517	  0.567737	  0.007656	
  0.542316	  0.176545	  0.192768	  0.088371	
  0.196382	  0.304176	  0.205985	  0.293457	
  0.289415	  0.201358	  0.182937	  0.326290	
  0.385801	  0.216362	  0.152363	  0.245475	

