MEME version 4

ALPHABET= ACGT

strands: + -

A 0.25000 C 0.25000 G 0.25000 T 0.25000 

MOTIF	Sox14_primary_uniprobe
letter-probability matrix: alength= 4 w= 16 nsites= 20 E= 0
  0.193172	  0.139618	  0.364670	  0.302541	
  0.269798	  0.305700	  0.121123	  0.303378	
  0.215773	  0.216827	  0.189842	  0.377558	
  0.580839	  0.104549	  0.088691	  0.225921	
  0.904889	  0.034236	  0.010542	  0.050334	
  0.092628	  0.015755	  0.030853	  0.860764	
  0.192085	  0.017813	  0.017642	  0.772459	
  0.789459	  0.010913	  0.183440	  0.016188	
  0.016188	  0.183440	  0.010913	  0.789459	
  0.772459	  0.017642	  0.017813	  0.192085	
  0.860764	  0.030853	  0.015755	  0.092628	
  0.050334	  0.010542	  0.034236	  0.904889	
  0.368110	  0.104923	  0.127385	  0.399582	
  0.438815	  0.113911	  0.154224	  0.293050	
  0.258497	  0.078391	  0.324166	  0.338946	
  0.272890	  0.289743	  0.207640	  0.229726	

