MEME version 4

ALPHABET= ACGT

strands: + -

A 0.25000 C 0.25000 G 0.25000 T 0.25000 

MOTIF	Sox1_primary_uniprobe
letter-probability matrix: alength= 4 w= 16 nsites= 20 E= 0
  0.341335	  0.227798	  0.091875	  0.338992	
  0.380009	  0.156597	  0.176978	  0.286415	
  0.207827	  0.176317	  0.233519	  0.382337	
  0.139161	  0.458974	  0.109464	  0.292402	
  0.667281	  0.098541	  0.030155	  0.204022	
  0.897055	  0.030736	  0.015073	  0.057136	
  0.060333	  0.025626	  0.019965	  0.894076	
  0.130494	  0.020974	  0.027779	  0.820754	
  0.056093	  0.674261	  0.239772	  0.029874	
  0.904262	  0.027768	  0.018559	  0.049411	
  0.588412	  0.068175	  0.049616	  0.293797	
  0.158433	  0.071345	  0.045855	  0.724367	
  0.496600	  0.116896	  0.150192	  0.236312	
  0.357985	  0.265667	  0.168626	  0.207723	
  0.298781	  0.110819	  0.284743	  0.305656	
  0.135265	  0.162353	  0.318627	  0.383754	

