MEME version 4

ALPHABET= ACGT

strands: + -

A 0.25000 C 0.25000 G 0.25000 T 0.25000 

MOTIF	Sox12_secondary_uniprobe
letter-probability matrix: alength= 4 w= 16 nsites= 20 E= 0
  0.378898	  0.318901	  0.205859	  0.096341	
  0.352524	  0.321236	  0.224504	  0.101736	
  0.323551	  0.182056	  0.210897	  0.283496	
  0.135539	  0.325230	  0.208031	  0.331200	
  0.663106	  0.055471	  0.154459	  0.126963	
  0.051748	  0.292567	  0.537307	  0.118378	
  0.886489	  0.042361	  0.035742	  0.035408	
  0.043647	  0.688744	  0.094358	  0.173252	
  0.882052	  0.039818	  0.018899	  0.059231	
  0.864171	  0.036011	  0.068363	  0.031455	
  0.790158	  0.046868	  0.041594	  0.121379	
  0.087447	  0.143905	  0.707798	  0.060849	
  0.295919	  0.132479	  0.485703	  0.085899	
  0.653156	  0.133004	  0.110012	  0.103828	
  0.351764	  0.131771	  0.217730	  0.298736	
  0.203977	  0.196773	  0.099958	  0.499292	

