MEME version 4

ALPHABET= ACGT

strands: + -

A 0.25000 C 0.25000 G 0.25000 T 0.25000 

MOTIF	Sox14_secondary_uniprobe
letter-probability matrix: alength= 4 w= 15 nsites= 20 E= 0
  0.191264	  0.345487	  0.212142	  0.251106	
  0.105033	  0.130838	  0.338939	  0.425191	
  0.126539	  0.333031	  0.233364	  0.307066	
  0.641901	  0.114039	  0.195933	  0.048127	
  0.153349	  0.532437	  0.272427	  0.041786	
  0.934680	  0.009395	  0.019668	  0.036257	
  0.013611	  0.927298	  0.037729	  0.021361	
  0.964293	  0.018416	  0.006724	  0.010568	
  0.962181	  0.018004	  0.014592	  0.005223	
  0.229593	  0.016301	  0.007632	  0.746474	
  0.268456	  0.030092	  0.519349	  0.182102	
  0.201484	  0.107350	  0.588833	  0.102334	
  0.253726	  0.259057	  0.242924	  0.244293	
  0.168663	  0.203061	  0.347898	  0.280378	
  0.175853	  0.339716	  0.301724	  0.182707	

