MEME version 4

ALPHABET= ACGT

strands: + -

A 0.25000 C 0.25000 G 0.25000 T 0.25000 

MOTIF	Sox15_primary_uniprobe
letter-probability matrix: alength= 4 w= 17 nsites= 20 E= 0
  0.287334	  0.139055	  0.124297	  0.449314	
  0.278683	  0.214056	  0.278266	  0.228994	
  0.196938	  0.172103	  0.339663	  0.291296	
  0.343773	  0.089222	  0.198442	  0.368564	
  0.217683	  0.069371	  0.485495	  0.227451	
  0.795638	  0.049144	  0.086842	  0.068377	
  0.932914	  0.008887	  0.006817	  0.051381	
  0.018504	  0.893128	  0.012624	  0.075744	
  0.960471	  0.008180	  0.009943	  0.021405	
  0.966816	  0.008885	  0.008787	  0.015512	
  0.086103	  0.016953	  0.005969	  0.890975	
  0.475989	  0.013028	  0.097844	  0.413139	
  0.304890	  0.097952	  0.464158	  0.133000	
  0.458453	  0.118585	  0.307695	  0.115267	
  0.205225	  0.241082	  0.224896	  0.328798	
  0.328081	  0.178970	  0.116466	  0.376483	
  0.188001	  0.185031	  0.192398	  0.434571	

