MEME version 4

ALPHABET= ACGT

strands: + -

A 0.25000 C 0.25000 G 0.25000 T 0.25000 

MOTIF	Sox18_primary_uniprobe
letter-probability matrix: alength= 4 w= 16 nsites= 20 E= 0
  0.171923	  0.236711	  0.194037	  0.397329	
  0.365499	  0.126080	  0.115062	  0.393358	
  0.154238	  0.330371	  0.213820	  0.301571	
  0.411934	  0.286682	  0.023094	  0.278290	
  0.925907	  0.006960	  0.008324	  0.058809	
  0.020208	  0.014069	  0.008364	  0.957359	
  0.019255	  0.004244	  0.009748	  0.966753	
  0.109433	  0.025833	  0.844558	  0.020176	
  0.053352	  0.006877	  0.015312	  0.924459	
  0.107006	  0.077857	  0.051283	  0.763854	
  0.208320	  0.284484	  0.245065	  0.262131	
  0.230912	  0.143849	  0.075255	  0.549985	
  0.374917	  0.276156	  0.167160	  0.181766	
  0.477406	  0.100035	  0.175575	  0.246983	
  0.375092	  0.278435	  0.139104	  0.207369	
  0.352086	  0.238643	  0.148396	  0.260874	

