MEME version 4

ALPHABET= ACGT

strands: + -

A 0.25000 C 0.25000 G 0.25000 T 0.25000 

MOTIF	Sox17_secondary_uniprobe
letter-probability matrix: alength= 4 w= 17 nsites= 20 E= 0
  0.216056	  0.230834	  0.399857	  0.153253	
  0.321065	  0.233860	  0.135741	  0.309334	
  0.166479	  0.321423	  0.209463	  0.302635	
  0.185647	  0.499038	  0.152355	  0.162961	
  0.416451	  0.221510	  0.168645	  0.193395	
  0.070777	  0.581761	  0.126392	  0.221070	
  0.764583	  0.085635	  0.031993	  0.117789	
  0.035294	  0.112638	  0.038664	  0.813404	
  0.153178	  0.046321	  0.056161	  0.744340	
  0.076540	  0.825062	  0.055409	  0.042989	
  0.764357	  0.060365	  0.119861	  0.055417	
  0.130143	  0.178946	  0.153266	  0.537644	
  0.402684	  0.154010	  0.357674	  0.085632	
  0.189784	  0.349553	  0.176965	  0.283698	
  0.475181	  0.145276	  0.256449	  0.123094	
  0.472286	  0.151639	  0.172736	  0.203339	
  0.215278	  0.186804	  0.213020	  0.384898	

