MEME version 4

ALPHABET= ACGT

strands: + -

A 0.25000 C 0.25000 G 0.25000 T 0.25000 

MOTIF	Sox21_secondary_uniprobe
letter-probability matrix: alength= 4 w= 17 nsites= 20 E= 0
  0.289827	  0.292323	  0.257901	  0.159949	
  0.312889	  0.255971	  0.306275	  0.124865	
  0.087736	  0.328581	  0.156985	  0.426697	
  0.156538	  0.422710	  0.236667	  0.184085	
  0.456458	  0.154378	  0.033618	  0.355546	
  0.879378	  0.018002	  0.036590	  0.066030	
  0.013874	  0.050287	  0.015516	  0.920323	
  0.031467	  0.021632	  0.016694	  0.930207	
  0.022243	  0.104165	  0.852561	  0.021030	
  0.076816	  0.021065	  0.017214	  0.884905	
  0.036052	  0.190539	  0.137527	  0.635882	
  0.027658	  0.616331	  0.198060	  0.157952	
  0.242504	  0.348123	  0.230614	  0.178759	
  0.220769	  0.224223	  0.288143	  0.266865	
  0.259093	  0.309094	  0.164255	  0.267558	
  0.233346	  0.199361	  0.253780	  0.313513	
  0.348478	  0.202339	  0.278031	  0.171153	

