MEME version 4

ALPHABET= ACGT

strands: + -

A 0.25000 C 0.25000 G 0.25000 T 0.25000 

MOTIF	Sox30_secondary_uniprobe
letter-probability matrix: alength= 4 w= 16 nsites= 20 E= 0
  0.173761	  0.207736	  0.102555	  0.515948	
  0.456698	  0.266382	  0.120798	  0.156122	
  0.349258	  0.192281	  0.201358	  0.257102	
  0.152662	  0.217849	  0.403406	  0.226082	
  0.771968	  0.111771	  0.026653	  0.089608	
  0.079075	  0.035514	  0.042471	  0.842940	
  0.030350	  0.057504	  0.035690	  0.876456	
  0.844347	  0.061991	  0.045594	  0.048068	
  0.048068	  0.045594	  0.061991	  0.844347	
  0.876456	  0.035690	  0.057504	  0.030350	
  0.842940	  0.042471	  0.035514	  0.079075	
  0.089608	  0.026653	  0.111771	  0.771968	
  0.466958	  0.292517	  0.130394	  0.110131	
  0.199144	  0.413076	  0.198324	  0.189456	
  0.226568	  0.226480	  0.464079	  0.082873	
  0.212759	  0.253466	  0.384995	  0.148780	

