MEME version 4

ALPHABET= ACGT

strands: + -

A 0.25000 C 0.25000 G 0.25000 T 0.25000 

MOTIF	Sox30_primary_uniprobe
letter-probability matrix: alength= 4 w= 16 nsites= 20 E= 0
  0.372432	  0.102933	  0.322145	  0.202491	
  0.328072	  0.182071	  0.157347	  0.332510	
  0.289417	  0.084511	  0.292873	  0.333198	
  0.157571	  0.227851	  0.441662	  0.172917	
  0.716832	  0.049010	  0.201411	  0.032747	
  0.957368	  0.003162	  0.004402	  0.035068	
  0.003907	  0.862678	  0.009407	  0.124008	
  0.977231	  0.007658	  0.004263	  0.010847	
  0.976481	  0.004510	  0.015225	  0.003784	
  0.067568	  0.004353	  0.005071	  0.923008	
  0.158205	  0.108442	  0.467023	  0.266330	
  0.334549	  0.091557	  0.510241	  0.063654	
  0.456431	  0.182602	  0.150234	  0.210732	
  0.387485	  0.241062	  0.151504	  0.219950	
  0.188387	  0.269857	  0.176514	  0.365242	
  0.175680	  0.243984	  0.165833	  0.414502	

