MEME version 4

ALPHABET= ACGT

strands: + -

A 0.25000 C 0.25000 G 0.25000 T 0.25000 

MOTIF	Sox4_secondary_uniprobe
letter-probability matrix: alength= 4 w= 17 nsites= 20 E= 0
  0.215023	  0.248815	  0.405446	  0.130716	
  0.268935	  0.237160	  0.296763	  0.197142	
  0.466167	  0.161620	  0.117910	  0.254304	
  0.414138	  0.111006	  0.235587	  0.239269	
  0.428152	  0.102177	  0.293860	  0.175812	
  0.787401	  0.005828	  0.171310	  0.035462	
  0.925552	  0.010602	  0.040811	  0.023035	
  0.010733	  0.020900	  0.013415	  0.954952	
  0.021318	  0.013984	  0.008294	  0.956404	
  0.120732	  0.028204	  0.837597	  0.013468	
  0.098711	  0.011718	  0.010021	  0.879550	
  0.131661	  0.240511	  0.090087	  0.537740	
  0.341627	  0.204369	  0.243902	  0.210101	
  0.234383	  0.267102	  0.292974	  0.205541	
  0.290324	  0.095769	  0.424669	  0.189238	
  0.308102	  0.178524	  0.283338	  0.230036	
  0.446441	  0.155978	  0.209267	  0.188314	

