MEME version 4

ALPHABET= ACGT

strands: + -

A 0.25000 C 0.25000 G 0.25000 T 0.25000 

MOTIF	Sox5_primary_uniprobe
letter-probability matrix: alength= 4 w= 16 nsites= 20 E= 0
  0.305368	  0.133033	  0.173233	  0.388366	
  0.257879	  0.197076	  0.146872	  0.398174	
  0.257635	  0.122462	  0.256979	  0.362924	
  0.446808	  0.093619	  0.289963	  0.169610	
  0.148292	  0.091229	  0.632311	  0.128169	
  0.827592	  0.026174	  0.130622	  0.015612	
  0.976345	  0.003817	  0.005452	  0.014386	
  0.005230	  0.937364	  0.008904	  0.048502	
  0.973417	  0.003014	  0.006136	  0.017433	
  0.974095	  0.004350	  0.011425	  0.010130	
  0.030624	  0.011927	  0.003795	  0.953653	
  0.491667	  0.015453	  0.085481	  0.407399	
  0.451773	  0.100304	  0.244084	  0.203838	
  0.434242	  0.114442	  0.217049	  0.234267	
  0.333464	  0.254828	  0.092729	  0.318979	
  0.333644	  0.114919	  0.184420	  0.367017	

