MEME version 4

ALPHABET= ACGT

strands: + -

A 0.25000 C 0.25000 G 0.25000 T 0.25000 

MOTIF	Sox7_secondary_uniprobe
letter-probability matrix: alength= 4 w= 22 nsites= 20 E= 0
  0.067627	  0.131333	  0.654425	  0.146615	
  0.156488	  0.114442	  0.145630	  0.583441	
  0.206450	  0.265630	  0.358017	  0.169903	
  0.090729	  0.460713	  0.274712	  0.173847	
  0.285994	  0.099998	  0.154485	  0.459523	
  0.635908	  0.184787	  0.072982	  0.106323	
  0.748421	  0.039204	  0.092605	  0.119769	
  0.081342	  0.061327	  0.044532	  0.812799	
  0.143120	  0.043879	  0.024216	  0.788785	
  0.247544	  0.092102	  0.621453	  0.038901	
  0.295531	  0.036295	  0.027594	  0.640580	
  0.194561	  0.305468	  0.339916	  0.160055	
  0.175038	  0.193568	  0.101212	  0.530182	
  0.145226	  0.167488	  0.559871	  0.127415	
  0.271501	  0.237429	  0.206701	  0.284369	
  0.216834	  0.109191	  0.569605	  0.104370	
  0.182624	  0.177160	  0.300475	  0.339742	
  0.331737	  0.198645	  0.265137	  0.204482	
  0.230155	  0.359365	  0.183450	  0.227029	
  0.056581	  0.067297	  0.463052	  0.413070	
  0.198891	  0.324626	  0.304424	  0.172059	
  0.181968	  0.287547	  0.202419	  0.328066	

