MEME version 4

ALPHABET= ACGT

strands: + -

A 0.25000 C 0.25000 G 0.25000 T 0.25000 

MOTIF	Sox8_secondary_uniprobe
letter-probability matrix: alength= 4 w= 14 nsites= 20 E= 0
  0.411937	  0.172671	  0.205872	  0.209520	
  0.171109	  0.496660	  0.132111	  0.200120	
  0.848637	  0.038338	  0.018655	  0.094370	
  0.022710	  0.027885	  0.032294	  0.917111	
  0.034538	  0.017616	  0.022184	  0.925661	
  0.060021	  0.807534	  0.029726	  0.102719	
  0.910429	  0.016451	  0.062862	  0.010259	
  0.049970	  0.117801	  0.164019	  0.668210	
  0.232807	  0.093263	  0.568720	  0.105210	
  0.417735	  0.187636	  0.160115	  0.234514	
  0.264284	  0.335680	  0.203995	  0.196041	
  0.524449	  0.203844	  0.113371	  0.158336	
  0.196320	  0.287667	  0.277581	  0.238432	
  0.227144	  0.276267	  0.368394	  0.128194	

