MEME version 4

ALPHABET= ACGT

strands: + -

A 0.25000 C 0.25000 G 0.25000 T 0.25000 

MOTIF	Sp100_secondary_uniprobe
letter-probability matrix: alength= 4 w= 15 nsites= 20 E= 0
  0.121527	  0.301307	  0.180155	  0.397012	
  0.139498	  0.362713	  0.312252	  0.185537	
  0.117583	  0.681448	  0.066954	  0.134015	
  0.047669	  0.030086	  0.903231	  0.019014	
  0.170226	  0.102196	  0.072756	  0.654821	
  0.028698	  0.940593	  0.017675	  0.013033	
  0.029643	  0.030315	  0.911277	  0.028764	
  0.217032	  0.360573	  0.201883	  0.220512	
  0.122291	  0.216246	  0.274159	  0.387305	
  0.163480	  0.120996	  0.185701	  0.529823	
  0.662319	  0.064113	  0.038511	  0.235057	
  0.608197	  0.108227	  0.106516	  0.177059	
  0.420639	  0.144577	  0.085478	  0.349306	
  0.332026	  0.206552	  0.217711	  0.243711	
  0.155857	  0.264946	  0.317960	  0.261237	

