MEME version 4

ALPHABET= ACGT

strands: + -

A 0.25000 C 0.25000 G 0.25000 T 0.25000 

MOTIF	Sp100_primary_uniprobe
letter-probability matrix: alength= 4 w= 14 nsites= 20 E= 0
  0.398739	  0.130867	  0.338756	  0.131639	
  0.320699	  0.027975	  0.063466	  0.587860	
  0.157015	  0.031583	  0.041611	  0.769790	
  0.271347	  0.151934	  0.038804	  0.537915	
  0.221418	  0.241703	  0.174145	  0.362734	
  0.312757	  0.303980	  0.166494	  0.216770	
  0.002826	  0.987021	  0.007115	  0.003038	
  0.002112	  0.121645	  0.874129	  0.002114	
  0.089781	  0.088890	  0.590613	  0.230716	
  0.777902	  0.081494	  0.061090	  0.079515	
  0.872234	  0.012434	  0.025044	  0.090287	
  0.707481	  0.047782	  0.028697	  0.216041	
  0.488552	  0.135946	  0.098790	  0.276712	
  0.187811	  0.111904	  0.208223	  0.492061	

