MEME version 4

ALPHABET= ACGT

strands: + -

A 0.25000 C 0.25000 G 0.25000 T 0.25000 

MOTIF	Spdef_secondary_uniprobe
letter-probability matrix: alength= 4 w= 16 nsites= 20 E= 0
  0.249693	  0.170111	  0.349462	  0.230734	
  0.417537	  0.133630	  0.158772	  0.290062	
  0.241753	  0.248691	  0.251987	  0.257568	
  0.351468	  0.208028	  0.178365	  0.262139	
  0.685401	  0.048428	  0.173290	  0.092880	
  0.105542	  0.546881	  0.114355	  0.233222	
  0.768958	  0.014653	  0.109429	  0.106961	
  0.035014	  0.019209	  0.022146	  0.923631	
  0.026411	  0.928142	  0.015617	  0.029830	
  0.022321	  0.922707	  0.029827	  0.025145	
  0.027563	  0.088841	  0.036549	  0.847047	
  0.773436	  0.042478	  0.008878	  0.175207	
  0.033877	  0.188822	  0.507219	  0.270082	
  0.285243	  0.151973	  0.056921	  0.505863	
  0.446072	  0.155307	  0.182833	  0.215787	
  0.302102	  0.163570	  0.398527	  0.135801	

