MEME version 4

ALPHABET= ACGT

strands: + -

A 0.25000 C 0.25000 G 0.25000 T 0.25000 

MOTIF	Sry_secondary_uniprobe
letter-probability matrix: alength= 4 w= 17 nsites= 20 E= 0
  0.219740	  0.291283	  0.118755	  0.370223	
  0.242432	  0.282700	  0.205912	  0.268956	
  0.327415	  0.133992	  0.255532	  0.283060	
  0.263415	  0.304333	  0.213668	  0.218583	
  0.259356	  0.177510	  0.294274	  0.268860	
  0.315458	  0.184947	  0.444440	  0.055155	
  0.572256	  0.199521	  0.180616	  0.047606	
  0.881847	  0.020818	  0.032731	  0.064603	
  0.028134	  0.863210	  0.052977	  0.055679	
  0.921133	  0.023179	  0.036360	  0.019328	
  0.913642	  0.029557	  0.028830	  0.027972	
  0.131537	  0.035078	  0.033568	  0.799817	
  0.412204	  0.069669	  0.279439	  0.238689	
  0.247458	  0.179342	  0.390493	  0.182707	
  0.282951	  0.233824	  0.324889	  0.158336	
  0.176058	  0.325159	  0.163416	  0.335366	
  0.172201	  0.210000	  0.453746	  0.164053	

