MEME version 4

ALPHABET= ACGT

strands: + -

A 0.25000 C 0.25000 G 0.25000 T 0.25000 

MOTIF	Tbp_secondary_uniprobe
letter-probability matrix: alength= 4 w= 15 nsites= 20 E= 0
  0.230142	  0.529982	  0.191746	  0.048130	
  0.041272	  0.598741	  0.227118	  0.132868	
  0.090424	  0.374981	  0.443581	  0.091014	
  0.451085	  0.067555	  0.135778	  0.345582	
  0.117266	  0.184045	  0.109384	  0.589305	
  0.371891	  0.034051	  0.025625	  0.568433	
  0.373299	  0.035722	  0.039861	  0.551118	
  0.613286	  0.174650	  0.092663	  0.119400	
  0.532205	  0.172185	  0.069604	  0.226006	
  0.044192	  0.253971	  0.634135	  0.067702	
  0.169167	  0.432487	  0.282617	  0.115730	
  0.130003	  0.130484	  0.479417	  0.260097	
  0.295372	  0.236418	  0.227661	  0.240549	
  0.187174	  0.270849	  0.270619	  0.271357	
  0.207690	  0.526329	  0.064048	  0.201932	

