MEME version 4

ALPHABET= ACGT

strands: + -

A 0.25000 C 0.25000 G 0.25000 T 0.25000 

MOTIF	Tbp_primary_uniprobe
letter-probability matrix: alength= 4 w= 16 nsites= 20 E= 0
  0.221327	  0.269618	  0.215905	  0.293150	
  0.124324	  0.399377	  0.122464	  0.353835	
  0.291647	  0.232852	  0.122870	  0.352630	
  0.381252	  0.098493	  0.105716	  0.414539	
  0.274538	  0.038963	  0.019877	  0.666622	
  0.652158	  0.005017	  0.006783	  0.336043	
  0.082858	  0.007221	  0.004029	  0.905892	
  0.767761	  0.002085	  0.002044	  0.228110	
  0.228110	  0.002044	  0.002085	  0.767761	
  0.905892	  0.004029	  0.007221	  0.082858	
  0.336043	  0.006783	  0.005017	  0.652158	
  0.666622	  0.019877	  0.038963	  0.274538	
  0.468941	  0.109491	  0.097950	  0.323618	
  0.368784	  0.290439	  0.104608	  0.236168	
  0.195946	  0.133081	  0.219649	  0.451325	
  0.347848	  0.220011	  0.228182	  0.203959	

