MEME version 4

ALPHABET= ACGT

strands: + -

A 0.25000 C 0.25000 G 0.25000 T 0.25000 

MOTIF	Tcf1_primary_uniprobe
letter-probability matrix: alength= 4 w= 17 nsites= 20 E= 0
  0.311508	  0.252158	  0.225277	  0.211057	
  0.207754	  0.389021	  0.159806	  0.243419	
  0.086049	  0.226075	  0.187703	  0.500173	
  0.242781	  0.304387	  0.132902	  0.319930	
  0.451671	  0.148001	  0.314997	  0.085331	
  0.141891	  0.091830	  0.671849	  0.094431	
  0.068928	  0.067601	  0.013237	  0.850234	
  0.026651	  0.003474	  0.003826	  0.966050	
  0.970458	  0.005114	  0.002410	  0.022018	
  0.968517	  0.004312	  0.013654	  0.013517	
  0.020101	  0.899827	  0.044633	  0.035439	
  0.050341	  0.291554	  0.043766	  0.614339	
  0.588997	  0.053870	  0.195823	  0.161311	
  0.565385	  0.118531	  0.211998	  0.104086	
  0.336053	  0.129971	  0.300091	  0.233886	
  0.319586	  0.245771	  0.214425	  0.220217	
  0.317012	  0.176600	  0.303621	  0.202766	

