MEME version 4

ALPHABET= ACGT

strands: + -

A 0.25000 C 0.25000 G 0.25000 T 0.25000 

MOTIF	Tcf1_secondary_uniprobe
letter-probability matrix: alength= 4 w= 14 nsites= 20 E= 0
  0.235343	  0.203137	  0.199667	  0.361853	
  0.145795	  0.215285	  0.279444	  0.359476	
  0.395092	  0.118012	  0.422368	  0.064528	
  0.183439	  0.370606	  0.169445	  0.276510	
  0.191399	  0.507351	  0.209881	  0.091369	
  0.091454	  0.355185	  0.248254	  0.305107	
  0.175627	  0.184994	  0.619720	  0.019659	
  0.015884	  0.022890	  0.931206	  0.030020	
  0.866574	  0.011487	  0.079865	  0.042074	
  0.033752	  0.020653	  0.042869	  0.902727	
  0.009974	  0.028111	  0.047462	  0.914453	
  0.899646	  0.017112	  0.038209	  0.045033	
  0.251005	  0.099169	  0.369039	  0.280787	
  0.281067	  0.169491	  0.341801	  0.207641	

