MEME version 4

ALPHABET= ACGT

strands: + -

A 0.25000 C 0.25000 G 0.25000 T 0.25000 

MOTIF	Tcf3_primary_uniprobe
letter-probability matrix: alength= 4 w= 17 nsites= 20 E= 0
  0.185864	  0.201179	  0.183663	  0.429294	
  0.371100	  0.233868	  0.122934	  0.272098	
  0.249563	  0.171285	  0.128851	  0.450301	
  0.582940	  0.043382	  0.129099	  0.244578	
  0.041400	  0.395349	  0.497087	  0.066163	
  0.759123	  0.009670	  0.005936	  0.225270	
  0.056579	  0.008662	  0.003986	  0.930772	
  0.043968	  0.865783	  0.056001	  0.034249	
  0.962748	  0.003731	  0.003265	  0.030256	
  0.971318	  0.003542	  0.012299	  0.012841	
  0.937558	  0.003991	  0.020195	  0.038256	
  0.125931	  0.057976	  0.798081	  0.018012	
  0.209401	  0.172342	  0.483980	  0.134277	
  0.485703	  0.129227	  0.309936	  0.075134	
  0.397027	  0.195902	  0.152395	  0.254676	
  0.311636	  0.231510	  0.157732	  0.299122	
  0.320965	  0.206031	  0.164299	  0.308705	

