MEME version 4

ALPHABET= ACGT

strands: + -

A 0.25000 C 0.25000 G 0.25000 T 0.25000 

MOTIF	Tcf7_secondary_uniprobe
letter-probability matrix: alength= 4 w= 15 nsites= 20 E= 0
  0.245114	  0.425060	  0.146128	  0.183698	
  0.080878	  0.382058	  0.241253	  0.295810	
  0.134088	  0.097064	  0.441002	  0.327846	
  0.129699	  0.108033	  0.111723	  0.650545	
  0.642754	  0.112803	  0.078081	  0.166363	
  0.145215	  0.080417	  0.074321	  0.700046	
  0.098028	  0.054508	  0.153100	  0.694365	
  0.687599	  0.081954	  0.149244	  0.081203	
  0.179924	  0.253518	  0.272465	  0.294093	
  0.628338	  0.105355	  0.083705	  0.182602	
  0.599410	  0.156473	  0.106087	  0.138030	
  0.555990	  0.217439	  0.055153	  0.171418	
  0.236101	  0.368060	  0.113260	  0.282579	
  0.352217	  0.245799	  0.158844	  0.243140	
  0.321581	  0.223144	  0.211146	  0.244130	

