MEME version 4

ALPHABET= ACGT

strands: + -

A 0.25000 C 0.25000 G 0.25000 T 0.25000 

MOTIF	Tcfap2c_primary_uniprobe
letter-probability matrix: alength= 4 w= 15 nsites= 20 E= 0
  0.453894	  0.104785	  0.095366	  0.345954	
  0.232091	  0.189298	  0.180541	  0.398071	
  0.233238	  0.261214	  0.065556	  0.439992	
  0.012319	  0.459636	  0.511133	  0.016912	
  0.008159	  0.984661	  0.002866	  0.004314	
  0.001420	  0.885962	  0.001808	  0.110810	
  0.005689	  0.345363	  0.111901	  0.537046	
  0.035614	  0.353586	  0.534122	  0.076679	
  0.537046	  0.111901	  0.345363	  0.005689	
  0.110810	  0.001808	  0.885962	  0.001420	
  0.004314	  0.002866	  0.984661	  0.008159	
  0.016912	  0.511133	  0.459636	  0.012319	
  0.313235	  0.097541	  0.435018	  0.154206	
  0.570019	  0.140594	  0.123600	  0.165788	
  0.326417	  0.176576	  0.220289	  0.276718	

