MEME version 4

ALPHABET= ACGT

strands: + -

A 0.25000 C 0.25000 G 0.25000 T 0.25000 

MOTIF	Tcfe2a_primary_uniprobe
letter-probability matrix: alength= 4 w= 17 nsites= 20 E= 0
  0.306209	  0.232705	  0.244475	  0.216611	
  0.165668	  0.171480	  0.222584	  0.440269	
  0.213008	  0.429038	  0.156385	  0.201569	
  0.283226	  0.329518	  0.160795	  0.226461	
  0.439156	  0.283517	  0.251270	  0.026056	
  0.014994	  0.980987	  0.000714	  0.003304	
  0.975741	  0.020182	  0.002909	  0.001168	
  0.000926	  0.191353	  0.801648	  0.006073	
  0.015382	  0.090853	  0.893043	  0.000721	
  0.001549	  0.005912	  0.001713	  0.990826	
  0.004000	  0.000857	  0.989667	  0.005475	
  0.016957	  0.663726	  0.148127	  0.171190	
  0.299047	  0.091156	  0.448649	  0.161148	
  0.354701	  0.214677	  0.236757	  0.193865	
  0.399446	  0.174508	  0.200036	  0.226009	
  0.303545	  0.277435	  0.200094	  0.218926	
  0.380242	  0.148876	  0.163367	  0.307514	

