MEME version 4

ALPHABET= ACGT

strands: + -

A 0.25000 C 0.25000 G 0.25000 T 0.25000 

MOTIF	Tcfe2a_secondary_uniprobe
letter-probability matrix: alength= 4 w= 17 nsites= 20 E= 0
  0.296417	  0.247522	  0.206749	  0.249312	
  0.410113	  0.201959	  0.303149	  0.084779	
  0.267313	  0.132645	  0.452057	  0.147985	
  0.187929	  0.136827	  0.427628	  0.247616	
  0.198671	  0.425254	  0.234160	  0.141915	
  0.029244	  0.953929	  0.004092	  0.012734	
  0.954570	  0.014314	  0.018695	  0.012421	
  0.010025	  0.055055	  0.845504	  0.089415	
  0.874802	  0.040849	  0.069178	  0.015172	
  0.015084	  0.010551	  0.008736	  0.965628	
  0.012981	  0.007192	  0.965036	  0.014791	
  0.037724	  0.016891	  0.495632	  0.449753	
  0.021685	  0.438927	  0.056118	  0.483270	
  0.209872	  0.365671	  0.139706	  0.284751	
  0.151815	  0.336912	  0.289382	  0.221891	
  0.152995	  0.262354	  0.416434	  0.168217	
  0.227567	  0.187603	  0.447892	  0.136938	

