MEME version 4

ALPHABET= ACGT

strands: + -

A 0.288 C 0.212 G 0.212 T 0.288

MOTIF	Tlx?_homer(NR)/NPC-H3K4me1-ChIP-Seq(GSE16256)/Homer
letter-probability matrix: alength= 4
0.068	0.580	0.075	0.278
0.117	0.001	0.029	0.853
0.001	0.001	0.994	0.004
0.017	0.043	0.921	0.018
0.159	0.795	0.045	0.001
0.564	0.043	0.001	0.391
0.134	0.132	0.553	0.180
0.147	0.310	0.382	0.161
0.157	0.584	0.156	0.102
0.403	0.001	0.014	0.582
0.001	0.031	0.778	0.190
0.018	0.906	0.059	0.017
0.002	0.996	0.001	0.001
0.702	0.158	0.001	0.139

