MEME version 4

ALPHABET= ACGT

strands: + -

A 0.288 C 0.212 G 0.212 T 0.288

MOTIF	TR4_homer(NR),DR1/Hela-TR4-ChIP-Seq(GSE24685)/Homer
letter-probability matrix: alength= 4
0.292	0.120	0.531	0.057
0.657	0.008	0.322	0.014
0.068	0.002	0.911	0.019
0.024	0.005	0.869	0.101
0.015	0.058	0.106	0.821
0.019	0.814	0.112	0.055
0.972	0.002	0.021	0.005
0.566	0.015	0.400	0.019
0.899	0.001	0.099	0.001
0.022	0.002	0.970	0.007
0.013	0.008	0.857	0.122
0.001	0.048	0.131	0.819
0.029	0.818	0.080	0.073
0.905	0.014	0.061	0.021

