MEME version 4

ALPHABET= ACGT

strands: + -

A 0.25000 C 0.25000 G 0.25000 T 0.25000 

MOTIF	Uncx4.1_2281.2_uniprobe
letter-probability matrix: alength= 4 w= 17 nsites= 20 E= 0
  0.304380	  0.311795	  0.268876	  0.114949	
  0.351118	  0.211470	  0.225202	  0.212210	
  0.231585	  0.174454	  0.127484	  0.466477	
  0.479229	  0.157540	  0.203780	  0.159451	
  0.625673	  0.170623	  0.111368	  0.092336	
  0.010242	  0.148179	  0.010210	  0.831370	
  0.009608	  0.062829	  0.000911	  0.926652	
  0.980815	  0.008055	  0.009383	  0.001746	
  0.980244	  0.001172	  0.005903	  0.012681	
  0.012681	  0.005903	  0.001172	  0.980244	
  0.001746	  0.009383	  0.008055	  0.980815	
  0.926652	  0.000911	  0.062829	  0.009608	
  0.831370	  0.010210	  0.148179	  0.010242	
  0.148058	  0.361669	  0.223929	  0.266344	
  0.178551	  0.183863	  0.465801	  0.171785	
  0.170980	  0.366501	  0.305559	  0.156960	
  0.125744	  0.153063	  0.556137	  0.165056	

