MEME version 4

ALPHABET= ACGT

strands: + -

A 0.25000 C 0.25000 G 0.25000 T 0.25000 

MOTIF	Vax1_3499.1_uniprobe
letter-probability matrix: alength= 4 w= 16 nsites= 20 E= 0
  0.496291	  0.243122	  0.177891	  0.082697	
  0.188480	  0.343965	  0.333059	  0.134496	
  0.221287	  0.127031	  0.530393	  0.121289	
  0.156653	  0.152565	  0.151245	  0.539537	
  0.012435	  0.119260	  0.000598	  0.867707	
  0.886996	  0.103667	  0.003840	  0.005498	
  0.963654	  0.014962	  0.000441	  0.020943	
  0.020943	  0.000441	  0.014962	  0.963654	
  0.005498	  0.003840	  0.103667	  0.886996	
  0.867707	  0.000598	  0.119260	  0.012435	
  0.350344	  0.250059	  0.341097	  0.058500	
  0.121289	  0.530393	  0.127031	  0.221287	
  0.188896	  0.366153	  0.090243	  0.354708	
  0.225704	  0.400499	  0.118032	  0.255766	
  0.645261	  0.082663	  0.125080	  0.146997	
  0.203350	  0.102508	  0.508810	  0.185333	

