MEME version 4

ALPHABET= ACGT

strands: + -

A 0.25000 C 0.25000 G 0.25000 T 0.25000 

MOTIF	Vsx1_1728.1_uniprobe
letter-probability matrix: alength= 4 w= 17 nsites= 20 E= 0
  0.230250	  0.525337	  0.108727	  0.135686	
  0.153523	  0.333067	  0.380206	  0.133205	
  0.497023	  0.231707	  0.094637	  0.176632	
  0.365434	  0.061615	  0.494066	  0.078885	
  0.059789	  0.294960	  0.011726	  0.633526	
  0.006480	  0.097955	  0.000428	  0.895138	
  0.981979	  0.013483	  0.002274	  0.002264	
  0.975514	  0.000656	  0.011655	  0.012175	
  0.012175	  0.011655	  0.000656	  0.975514	
  0.002264	  0.002274	  0.013483	  0.981979	
  0.895138	  0.000428	  0.097955	  0.006480	
  0.633526	  0.011726	  0.294960	  0.059789	
  0.137158	  0.283527	  0.115012	  0.464304	
  0.327308	  0.185895	  0.257928	  0.228869	
  0.559435	  0.236906	  0.135881	  0.067777	
  0.236428	  0.227666	  0.177734	  0.358172	
  0.153188	  0.189710	  0.169586	  0.487516	

