MEME version 4

ALPHABET= ACGT

strands: + -

A 0.25000 C 0.25000 G 0.25000 T 0.25000 

MOTIF	Zbtb12_primary_uniprobe
letter-probability matrix: alength= 4 w= 17 nsites= 20 E= 0
  0.163348	  0.349811	  0.273573	  0.213268	
  0.212612	  0.211975	  0.220400	  0.355012	
  0.325879	  0.220972	  0.186720	  0.266430	
  0.510632	  0.041115	  0.419323	  0.028930	
  0.067550	  0.203499	  0.411224	  0.317727	
  0.023546	  0.002038	  0.972278	  0.002138	
  0.017818	  0.006841	  0.006478	  0.968864	
  0.019791	  0.001443	  0.009338	  0.969428	
  0.003084	  0.992130	  0.002654	  0.002131	
  0.001031	  0.039768	  0.003588	  0.955613	
  0.980811	  0.006260	  0.008964	  0.003965	
  0.013624	  0.002796	  0.979716	  0.003863	
  0.841198	  0.016422	  0.129217	  0.013163	
  0.169265	  0.145424	  0.085753	  0.599558	
  0.068235	  0.584950	  0.065758	  0.281057	
  0.378189	  0.252218	  0.209355	  0.160238	
  0.167389	  0.305726	  0.229730	  0.297156	

