MEME version 4

ALPHABET= ACGT

strands: + -

A 0.25000 C 0.25000 G 0.25000 T 0.25000 

MOTIF	Zbtb3_primary_uniprobe
letter-probability matrix: alength= 4 w= 17 nsites= 20 E= 0
  0.401190	  0.144405	  0.268531	  0.185874	
  0.430224	  0.168519	  0.221247	  0.180011	
  0.172575	  0.268499	  0.274136	  0.284789	
  0.150971	  0.297110	  0.290868	  0.261051	
  0.133421	  0.282842	  0.434718	  0.149019	
  0.042798	  0.941105	  0.001785	  0.014312	
  0.890788	  0.002551	  0.103316	  0.003345	
  0.001887	  0.951368	  0.043722	  0.003023	
  0.011633	  0.002218	  0.002269	  0.983880	
  0.003597	  0.003728	  0.984819	  0.007856	
  0.002946	  0.903520	  0.072457	  0.021077	
  0.908487	  0.057072	  0.018256	  0.016185	
  0.076237	  0.329864	  0.228896	  0.365003	
  0.144926	  0.162981	  0.177370	  0.514722	
  0.124970	  0.327876	  0.295814	  0.251341	
  0.144592	  0.313887	  0.301912	  0.239609	
  0.108463	  0.241747	  0.350296	  0.299494	

