MEME version 4

ALPHABET= ACGT

strands: + -

A 0.25000 C 0.25000 G 0.25000 T 0.25000 

MOTIF	Zbtb12_secondary_uniprobe
letter-probability matrix: alength= 4 w= 15 nsites= 20 E= 0
  0.304197	  0.218296	  0.148293	  0.329213	
  0.299412	  0.273657	  0.219864	  0.207068	
  0.172938	  0.219664	  0.140061	  0.467336	
  0.043557	  0.662800	  0.161771	  0.131871	
  0.440075	  0.190551	  0.351671	  0.017703	
  0.122063	  0.028572	  0.082542	  0.766823	
  0.038080	  0.030860	  0.039289	  0.891771	
  0.922297	  0.016491	  0.039328	  0.021884	
  0.018913	  0.012182	  0.939231	  0.029674	
  0.953032	  0.015578	  0.012425	  0.018964	
  0.937682	  0.031782	  0.008058	  0.022479	
  0.033697	  0.929288	  0.014150	  0.022865	
  0.170133	  0.247544	  0.328167	  0.254156	
  0.100596	  0.465736	  0.110651	  0.323016	
  0.212847	  0.150888	  0.172826	  0.463439	

