MEME version 4

ALPHABET= ACGT

strands: + -

A 0.25000 C 0.25000 G 0.25000 T 0.25000 

MOTIF	Zfp187_secondary_uniprobe
letter-probability matrix: alength= 4 w= 16 nsites= 20 E= 0
  0.173063	  0.169680	  0.440836	  0.216421	
  0.353277	  0.179996	  0.249403	  0.217325	
  0.307337	  0.038055	  0.616380	  0.038228	
  0.316636	  0.564670	  0.023732	  0.094962	
  0.015484	  0.923764	  0.019439	  0.041313	
  0.011243	  0.956300	  0.009443	  0.023014	
  0.062273	  0.107531	  0.010739	  0.819456	
  0.126670	  0.201521	  0.192005	  0.479803	
  0.093090	  0.045924	  0.835792	  0.025194	
  0.020165	  0.015483	  0.009567	  0.954786	
  0.010873	  0.672448	  0.004559	  0.312121	
  0.018002	  0.846860	  0.017605	  0.117533	
  0.335703	  0.408170	  0.104095	  0.152031	
  0.150308	  0.362296	  0.067408	  0.419988	
  0.286490	  0.242211	  0.176532	  0.294767	
  0.265022	  0.249655	  0.272219	  0.213104	

