MEME version 4

ALPHABET= ACGT

strands: + -

A 0.25000 C 0.25000 G 0.25000 T 0.25000 

MOTIF	Zfp187_primary_uniprobe
letter-probability matrix: alength= 4 w= 14 nsites= 20 E= 0
  0.190539	  0.277187	  0.240231	  0.292043	
  0.132707	  0.187246	  0.111293	  0.568754	
  0.936112	  0.021141	  0.033932	  0.008815	
  0.012721	  0.023350	  0.004164	  0.959765	
  0.007185	  0.002386	  0.987110	  0.003318	
  0.059134	  0.009005	  0.034016	  0.897845	
  0.900906	  0.002575	  0.086677	  0.009842	
  0.003163	  0.941371	  0.002196	  0.053270	
  0.034631	  0.265318	  0.037179	  0.662873	
  0.967171	  0.007014	  0.003028	  0.022787	
  0.980796	  0.002228	  0.010049	  0.006927	
  0.020630	  0.005755	  0.005408	  0.968208	
  0.427020	  0.122682	  0.118347	  0.331951	
  0.447075	  0.284990	  0.061633	  0.206303	

