MEME version 4

ALPHABET= ACGT

strands: + -

A 0.25000 C 0.25000 G 0.25000 T 0.25000 

MOTIF	Zfp161_secondary_uniprobe
letter-probability matrix: alength= 4 w= 14 nsites= 20 E= 0
  0.142646	  0.070072	  0.573757	  0.213525	
  0.142215	  0.493588	  0.067040	  0.297157	
  0.024280	  0.923170	  0.017567	  0.034984	
  0.015569	  0.033118	  0.937202	  0.014111	
  0.039447	  0.888724	  0.020074	  0.051755	
  0.016404	  0.008157	  0.963367	  0.012073	
  0.063620	  0.860169	  0.044753	  0.031458	
  0.787911	  0.122939	  0.024389	  0.064761	
  0.260517	  0.103413	  0.509585	  0.126484	
  0.203752	  0.216621	  0.251506	  0.328121	
  0.081075	  0.040917	  0.820854	  0.057154	
  0.096434	  0.760303	  0.054942	  0.088321	
  0.266016	  0.190184	  0.384583	  0.159217	
  0.223960	  0.243225	  0.228688	  0.304127	

