MEME version 4

ALPHABET= ACGT

strands: + -

A 0.25000 C 0.25000 G 0.25000 T 0.25000 

MOTIF	Zfp128_primary_uniprobe
letter-probability matrix: alength= 4 w= 17 nsites= 20 E= 0
  0.194238	  0.221898	  0.264007	  0.319857	
  0.288200	  0.308426	  0.101010	  0.302365	
  0.285270	  0.161574	  0.132609	  0.420548	
  0.252760	  0.126943	  0.276148	  0.344149	
  0.220972	  0.026248	  0.366825	  0.385955	
  0.016419	  0.006845	  0.879910	  0.096825	
  0.185479	  0.004691	  0.730552	  0.079278	
  0.003651	  0.988022	  0.001666	  0.006661	
  0.067428	  0.001276	  0.928472	  0.002824	
  0.004284	  0.002407	  0.001922	  0.991387	
  0.990094	  0.001414	  0.004941	  0.003550	
  0.005452	  0.989161	  0.001844	  0.003543	
  0.149564	  0.620887	  0.192873	  0.036677	
  0.100768	  0.559974	  0.113427	  0.225831	
  0.177258	  0.260019	  0.181462	  0.381261	
  0.425243	  0.223937	  0.143942	  0.206878	
  0.451743	  0.122626	  0.218322	  0.207309	

