MEME version 4

ALPHABET= ACGT

strands: + -

A 0.25000 C 0.25000 G 0.25000 T 0.25000 

MOTIF	Zfp410_secondary_uniprobe
letter-probability matrix: alength= 4 w= 17 nsites= 20 E= 0
  0.162979	  0.284781	  0.237433	  0.314807	
  0.182449	  0.447584	  0.069464	  0.300502	
  0.298973	  0.261014	  0.213211	  0.226802	
  0.136039	  0.433062	  0.144274	  0.286625	
  0.180084	  0.395933	  0.158565	  0.265418	
  0.069354	  0.748510	  0.068898	  0.113238	
  0.060485	  0.717828	  0.075333	  0.146354	
  0.023280	  0.071762	  0.645500	  0.259457	
  0.166896	  0.749762	  0.062730	  0.020612	
  0.050401	  0.775248	  0.089072	  0.085279	
  0.103847	  0.767557	  0.068804	  0.059791	
  0.064815	  0.748318	  0.114588	  0.072280	
  0.340921	  0.071942	  0.242981	  0.344157	
  0.301967	  0.263512	  0.165927	  0.268594	
  0.479800	  0.222955	  0.118441	  0.178803	
  0.229469	  0.283621	  0.143099	  0.343811	
  0.261733	  0.180191	  0.169905	  0.388170	

