MEME version 4

ALPHABET= ACGT

strands: + -

A 0.25000 C 0.25000 G 0.25000 T 0.25000 

MOTIF	Zfp740_secondary_uniprobe
letter-probability matrix: alength= 4 w= 17 nsites= 20 E= 0
  0.398967	  0.071604	  0.323957	  0.205472	
  0.457709	  0.058192	  0.267218	  0.216881	
  0.393346	  0.032365	  0.329533	  0.244756	
  0.119528	  0.091191	  0.190078	  0.599202	
  0.273933	  0.123548	  0.073075	  0.529444	
  0.068935	  0.812883	  0.015245	  0.102937	
  0.029664	  0.907790	  0.024804	  0.037742	
  0.020725	  0.933422	  0.016796	  0.029057	
  0.015086	  0.948448	  0.018030	  0.018436	
  0.015628	  0.884941	  0.061172	  0.038259	
  0.067508	  0.744063	  0.107305	  0.081125	
  0.108097	  0.140614	  0.650174	  0.101115	
  0.065696	  0.247239	  0.506149	  0.180916	
  0.395005	  0.077185	  0.345914	  0.181895	
  0.527081	  0.093650	  0.281853	  0.097416	
  0.289378	  0.245159	  0.348803	  0.116660	
  0.147136	  0.260117	  0.145993	  0.446754	

