MEME version 4

ALPHABET= ACGT

strands: + -

A 0.25000 C 0.25000 G 0.25000 T 0.25000 

MOTIF	Zic2_primary_uniprobe
letter-probability matrix: alength= 4 w= 15 nsites= 20 E= 0
  0.171475	  0.300729	  0.275648	  0.252148	
  0.274948	  0.494479	  0.090926	  0.139646	
  0.136266	  0.716563	  0.033328	  0.113843	
  0.116272	  0.772964	  0.046083	  0.064680	
  0.103529	  0.835329	  0.032215	  0.028927	
  0.057023	  0.813129	  0.071277	  0.058571	
  0.057483	  0.766273	  0.157290	  0.018955	
  0.071535	  0.110226	  0.631760	  0.186479	
  0.058571	  0.071277	  0.813129	  0.057023	
  0.028927	  0.032215	  0.835329	  0.103529	
  0.064680	  0.046083	  0.772964	  0.116272	
  0.113843	  0.033328	  0.716563	  0.136266	
  0.119744	  0.068294	  0.609218	  0.202743	
  0.065793	  0.215443	  0.562951	  0.155813	
  0.178819	  0.196535	  0.205955	  0.418691	

