MEME version 4

ALPHABET= ACGT

strands: + -

A 0.25000 C 0.25000 G 0.25000 T 0.25000 

MOTIF	Zic3_primary_uniprobe
letter-probability matrix: alength= 4 w= 15 nsites= 20 E= 0
  0.133123	  0.374622	  0.252864	  0.239392	
  0.305344	  0.451195	  0.093638	  0.149822	
  0.125347	  0.723516	  0.027695	  0.123442	
  0.129457	  0.754873	  0.045215	  0.070455	
  0.117681	  0.809987	  0.036742	  0.035590	
  0.046565	  0.817263	  0.077300	  0.058872	
  0.047132	  0.790594	  0.143506	  0.018768	
  0.059681	  0.087688	  0.665195	  0.187436	
  0.058872	  0.077300	  0.817263	  0.046565	
  0.035590	  0.036742	  0.809987	  0.117681	
  0.070455	  0.045215	  0.754873	  0.129457	
  0.123442	  0.027695	  0.723516	  0.125347	
  0.104029	  0.069439	  0.636026	  0.190506	
  0.070968	  0.197801	  0.581172	  0.150060	
  0.147077	  0.235294	  0.230097	  0.387531	

