MEME version 4

ALPHABET= ACGT

strands: + -

A 0.25000 C 0.25000 G 0.25000 T 0.25000 

MOTIF	Zic3_secondary_uniprobe
letter-probability matrix: alength= 4 w= 15 nsites= 20 E= 0
  0.225537	  0.223459	  0.280507	  0.270498	
  0.332396	  0.181810	  0.207290	  0.278505	
  0.309873	  0.017922	  0.386135	  0.286070	
  0.101947	  0.871607	  0.020267	  0.006179	
  0.541366	  0.089100	  0.242170	  0.127364	
  0.003307	  0.969997	  0.002414	  0.024283	
  0.903286	  0.021590	  0.015872	  0.059253	
  0.039887	  0.009732	  0.945083	  0.005298	
  0.001704	  0.827209	  0.006276	  0.164810	
  0.723052	  0.003102	  0.221051	  0.052795	
  0.011758	  0.024398	  0.560633	  0.403211	
  0.003656	  0.012952	  0.939586	  0.043807	
  0.477846	  0.270399	  0.113113	  0.138642	
  0.225706	  0.298505	  0.258523	  0.217266	
  0.365251	  0.191780	  0.197411	  0.245557	

